# NTRMN  = 81
# NTRANS = 111
-1.196487247943878174e-01 0.000000000000000000e+00 0.000000000000000000e+00 0.000000000000000000e+00
-9.923987835645675659e-02 0.000000000000000000e+00 0.000000000000000000e+00 0.000000000000000000e+00
-7.883103936910629272e-02 0.000000000000000000e+00 0.000000000000000000e+00 0.000000000000000000e+00
-5.842219665646553040e-02 0.000000000000000000e+00 0.000000000000000000e+00 0.000000000000000000e+00
-3.801335394382476807e-02 0.000000000000000000e+00 0.000000000000000000e+00 0.000000000000000000e+00
-1.760451123118400574e-02 0.000000000000000000e+00 0.000000000000000000e+00 0.000000000000000000e+00
2.321236208081245422e-02 0.000000000000000000e+00 0.000000000000000000e+00 0.000000000000000000e+00
4.362120479345321655e-02 0.000000000000000000e+00 0.000000000000000000e+00 0.000000000000000000e+00
6.403004378080368042e-02 0.000000000000000000e+00 0.000000000000000000e+00 0.000000000000000000e+00
1.048477292060852051e-01 0.000000000000000000e+00 0.000000000000000000e+00 0.000000000000000000e+00
1.252557635307312012e-01 0.000000000000000000e+00 0.000000000000000000e+00 0.000000000000000000e+00
1.456646025180816650e-01 0.000000000000000000e+00 0.000000000000000000e+00 0.000000000000000000e+00
1.660734415054321289e-01 0.000000000000000000e+00 0.000000000000000000e+00 0.000000000000000000e+00
2.068911343812942505e-01 0.000000000000000000e+00 0.000000000000000000e+00 0.000000000000000000e+00
2.272991687059402466e-01 0.000000000000000000e+00 0.000000000000000000e+00 0.000000000000000000e+00
2.477080076932907104e-01 0.000000000000000000e+00 0.000000000000000000e+00 0.000000000000000000e+00
2.681168317794799805e-01 0.000000000000000000e+00 0.000000000000000000e+00 0.000000000000000000e+00
2.885257005691528320e-01 0.000000000000000000e+00 0.000000000000000000e+00 0.000000000000000000e+00
3.089345395565032959e-01 0.000000000000000000e+00 0.000000000000000000e+00 0.000000000000000000e+00
3.293433785438537598e-01 0.000000000000000000e+00 0.000000000000000000e+00 0.000000000000000000e+00
3.905690908432006836e-01 0.000000000000000000e+00 0.000000000000000000e+00 0.000000000000000000e+00
4.109779298305511475e-01 0.000000000000000000e+00 0.000000000000000000e+00 0.000000000000000000e+00
4.313867688179016113e-01 0.000000000000000000e+00 0.000000000000000000e+00 0.000000000000000000e+00
4.517956078052520752e-01 0.000000000000000000e+00 0.000000000000000000e+00 0.000000000000000000e+00
4.722036421298980713e-01 0.000000000000000000e+00 0.000000000000000000e+00 0.000000000000000000e+00
4.926124811172485352e-01 0.000000000000000000e+00 0.000000000000000000e+00 0.000000000000000000e+00
5.130213499069213867e-01 0.000000000000000000e+00 0.000000000000000000e+00 0.000000000000000000e+00
5.334301590919494629e-01 0.000000000000000000e+00 0.000000000000000000e+00 0.000000000000000000e+00
5.538390278816223145e-01 0.000000000000000000e+00 0.000000000000000000e+00 0.000000000000000000e+00
5.742470622062683105e-01 0.000000000000000000e+00 0.000000000000000000e+00 0.000000000000000000e+00
5.946558713912963867e-01 0.000000000000000000e+00 0.000000000000000000e+00 0.000000000000000000e+00
6.150647401809692383e-01 0.000000000000000000e+00 0.000000000000000000e+00 0.000000000000000000e+00
6.354735493659973145e-01 0.000000000000000000e+00 0.000000000000000000e+00 0.000000000000000000e+00
6.558824181556701660e-01 0.000000000000000000e+00 0.000000000000000000e+00 0.000000000000000000e+00
6.762912869453430176e-01 0.000000000000000000e+00 0.000000000000000000e+00 0.000000000000000000e+00
6.966992616653442383e-01 0.000000000000000000e+00 0.000000000000000000e+00 0.000000000000000000e+00
7.171081304550170898e-01 0.000000000000000000e+00 0.000000000000000000e+00 0.000000000000000000e+00
7.375169992446899414e-01 0.000000000000000000e+00 0.000000000000000000e+00 0.000000000000000000e+00
7.579258084297180176e-01 0.000000000000000000e+00 0.000000000000000000e+00 0.000000000000000000e+00
7.783346772193908691e-01 0.000000000000000000e+00 0.000000000000000000e+00 0.000000000000000000e+00
7.987434864044189453e-01 0.000000000000000000e+00 0.000000000000000000e+00 0.000000000000000000e+00
8.191515207290649414e-01 0.000000000000000000e+00 0.000000000000000000e+00 0.000000000000000000e+00
8.395603895187377930e-01 0.000000000000000000e+00 0.000000000000000000e+00 0.000000000000000000e+00
8.599691987037658691e-01 0.000000000000000000e+00 0.000000000000000000e+00 0.000000000000000000e+00
8.803780674934387207e-01 0.000000000000000000e+00 0.000000000000000000e+00 0.000000000000000000e+00
9.007868766784667969e-01 0.000000000000000000e+00 0.000000000000000000e+00 0.000000000000000000e+00
9.211949110031127930e-01 0.000000000000000000e+00 0.000000000000000000e+00 0.000000000000000000e+00
9.416037797927856445e-01 0.000000000000000000e+00 0.000000000000000000e+00 0.000000000000000000e+00
9.620125889778137207e-01 0.000000000000000000e+00 0.000000000000000000e+00 0.000000000000000000e+00
9.824214577674865723e-01 0.000000000000000000e+00 0.000000000000000000e+00 0.000000000000000000e+00
1.002830266952514648e+00 0.000000000000000000e+00 0.000000000000000000e+00 0.000000000000000000e+00
1.023239135742187500e+00 0.000000000000000000e+00 0.000000000000000000e+00 0.000000000000000000e+00
1.043647170066833496e+00 0.000000000000000000e+00 0.000000000000000000e+00 0.000000000000000000e+00
1.064056038856506348e+00 0.000000000000000000e+00 0.000000000000000000e+00 0.000000000000000000e+00
1.084464907646179199e+00 0.000000000000000000e+00 0.000000000000000000e+00 0.000000000000000000e+00
1.104873657226562500e+00 0.000000000000000000e+00 0.000000000000000000e+00 0.000000000000000000e+00
1.125282526016235352e+00 0.000000000000000000e+00 0.000000000000000000e+00 0.000000000000000000e+00
1.145691394805908203e+00 0.000000000000000000e+00 0.000000000000000000e+00 0.000000000000000000e+00
1.166099429130554199e+00 0.000000000000000000e+00 0.000000000000000000e+00 0.000000000000000000e+00
1.186508297920227051e+00 0.000000000000000000e+00 0.000000000000000000e+00 0.000000000000000000e+00
1.206917047500610352e+00 0.000000000000000000e+00 0.000000000000000000e+00 0.000000000000000000e+00
1.227325916290283203e+00 0.000000000000000000e+00 0.000000000000000000e+00 0.000000000000000000e+00
1.247734785079956055e+00 0.000000000000000000e+00 0.000000000000000000e+00 0.000000000000000000e+00
1.268142819404602051e+00 0.000000000000000000e+00 0.000000000000000000e+00 0.000000000000000000e+00
1.288551688194274902e+00 0.000000000000000000e+00 0.000000000000000000e+00 0.000000000000000000e+00
1.308960556983947754e+00 0.000000000000000000e+00 0.000000000000000000e+00 0.000000000000000000e+00
1.329369306564331055e+00 0.000000000000000000e+00 0.000000000000000000e+00 0.000000000000000000e+00
1.349778175354003906e+00 0.000000000000000000e+00 0.000000000000000000e+00 0.000000000000000000e+00
1.411003947257995605e+00 0.000000000000000000e+00 0.000000000000000000e+00 0.000000000000000000e+00
1.431412696838378906e+00 0.000000000000000000e+00 0.000000000000000000e+00 0.000000000000000000e+00
1.451821565628051758e+00 0.000000000000000000e+00 0.000000000000000000e+00 0.000000000000000000e+00
1.472230434417724609e+00 0.000000000000000000e+00 0.000000000000000000e+00 0.000000000000000000e+00
1.492639303207397461e+00 0.000000000000000000e+00 0.000000000000000000e+00 0.000000000000000000e+00
1.574273824691772461e+00 0.000000000000000000e+00 0.000000000000000000e+00 0.000000000000000000e+00
1.594682693481445312e+00 0.000000000000000000e+00 0.000000000000000000e+00 0.000000000000000000e+00
1.655908346176147461e+00 0.000000000000000000e+00 0.000000000000000000e+00 0.000000000000000000e+00
1.676317214965820312e+00 0.000000000000000000e+00 0.000000000000000000e+00 0.000000000000000000e+00
1.696726083755493164e+00 0.000000000000000000e+00 0.000000000000000000e+00 0.000000000000000000e+00
1.717134952545166016e+00 0.000000000000000000e+00 0.000000000000000000e+00 0.000000000000000000e+00
1.819178342819213867e+00 0.000000000000000000e+00 0.000000000000000000e+00 0.000000000000000000e+00
1.839587211608886719e+00 0.000000000000000000e+00 0.000000000000000000e+00 0.000000000000000000e+00
1.859995245933532715e+00 0.000000000000000000e+00 0.000000000000000000e+00 0.000000000000000000e+00
1.880403995513916016e+00 0.000000000000000000e+00 0.000000000000000000e+00 0.000000000000000000e+00
1.900812864303588867e+00 0.000000000000000000e+00 0.000000000000000000e+00 0.000000000000000000e+00
1.921221733093261719e+00 0.000000000000000000e+00 0.000000000000000000e+00 0.000000000000000000e+00
1.941630601882934570e+00 0.000000000000000000e+00 0.000000000000000000e+00 0.000000000000000000e+00
1.962038636207580566e+00 0.000000000000000000e+00 0.000000000000000000e+00 0.000000000000000000e+00
1.982447385787963867e+00 0.000000000000000000e+00 0.000000000000000000e+00 0.000000000000000000e+00
2.002856254577636719e+00 0.000000000000000000e+00 0.000000000000000000e+00 0.000000000000000000e+00
2.064081907272338867e+00 0.000000000000000000e+00 0.000000000000000000e+00 0.000000000000000000e+00
2.084490776062011719e+00 0.000000000000000000e+00 0.000000000000000000e+00 0.000000000000000000e+00
2.104899644851684570e+00 0.000000000000000000e+00 0.000000000000000000e+00 0.000000000000000000e+00
2.125308513641357422e+00 0.000000000000000000e+00 0.000000000000000000e+00 0.000000000000000000e+00
2.145717382431030273e+00 0.000000000000000000e+00 0.000000000000000000e+00 0.000000000000000000e+00
2.166126251220703125e+00 0.000000000000000000e+00 0.000000000000000000e+00 0.000000000000000000e+00
2.186535120010375977e+00 0.000000000000000000e+00 0.000000000000000000e+00 0.000000000000000000e+00
2.206943988800048828e+00 0.000000000000000000e+00 0.000000000000000000e+00 0.000000000000000000e+00
2.227352619171142578e+00 0.000000000000000000e+00 0.000000000000000000e+00 0.000000000000000000e+00
2.288577556610107422e+00 0.000000000000000000e+00 0.000000000000000000e+00 0.000000000000000000e+00
2.329395294189453125e+00 0.000000000000000000e+00 0.000000000000000000e+00 0.000000000000000000e+00
2.431439638137817383e+00 0.000000000000000000e+00 0.000000000000000000e+00 0.000000000000000000e+00
2.472257137298583984e+00 0.000000000000000000e+00 0.000000000000000000e+00 0.000000000000000000e+00
2.492664337158203125e+00 0.000000000000000000e+00 0.000000000000000000e+00 0.000000000000000000e+00
2.553890943527221680e+00 0.000000000000000000e+00 0.000000000000000000e+00 0.000000000000000000e+00
2.594708681106567383e+00 0.000000000000000000e+00 0.000000000000000000e+00 0.000000000000000000e+00
2.615117549896240234e+00 0.000000000000000000e+00 0.000000000000000000e+00 0.000000000000000000e+00
2.717159986495971680e+00 1.524190616607666016e+01 1.524190616607666016e+01 0.000000000000000000e+00
2.757977724075317383e+00 1.912194824218750000e+01 1.912194824218750000e+01 0.000000000000000000e+00
2.778386592864990234e+00 2.087705230712890625e+01 2.087705230712890625e+01 0.000000000000000000e+00
2.798795461654663086e+00 2.168279266357421875e+01 2.168279266357421875e+01 0.000000000000000000e+00
2.819204330444335938e+00 2.248536109924316406e+01 2.248536109924316406e+01 0.000000000000000000e+00
2.839613199234008789e+00 2.441449737548828125e+01 2.441449737548828125e+01 0.000000000000000000e+00
2.860022068023681641e+00 2.587248039245605469e+01 2.587248039245605469e+01 0.000000000000000000e+00
2.880430698394775391e+00 2.568916130065917969e+01 2.568916130065917969e+01 0.000000000000000000e+00
2.900839567184448242e+00 2.590454673767089844e+01 2.590454673767089844e+01 0.000000000000000000e+00
2.921248435974121094e+00 2.572356605529785156e+01 2.572356605529785156e+01 0.000000000000000000e+00
3.023291110992431641e+00 2.549303627014160156e+01 2.485534095764160156e+01 6.376968622207641602e-01
3.043699979782104492e+00 2.522945594787597656e+01 2.454710769653320312e+01 6.823474168777465820e-01
3.064108848571777344e+00 2.646100807189941406e+01 2.575084114074707031e+01 7.101677656173706055e-01
3.309013366699218750e+00 3.012558174133300781e+01 2.636260223388671875e+01 3.762982845306396484e+00
3.329421997070312500e+00 2.791685676574707031e+01 2.369882011413574219e+01 4.218041419982910156e+00
3.431464672088623047e+00 2.563687133789062500e+01 2.152206802368164062e+01 4.114803791046142578e+00
3.615144252777099609e+00 2.530011367797851562e+01 2.149469566345214844e+01 3.805420160293579102e+00
3.635553121566772461e+00 2.557962036132812500e+01 2.193373107910156250e+01 3.645892620086669922e+00
3.860048770904541016e+00 2.452599906921386719e+01 2.124725914001464844e+01 3.278741359710693359e+00
3.900864839553833008e+00 2.481826782226562500e+01 2.146680068969726562e+01 3.351464271545410156e+00
3.921273708343505859e+00 2.515471267700195312e+01 2.177631187438964844e+01 3.378399848937988281e+00
4.023317813873291016e+00 2.594582176208496094e+01 2.232476425170898438e+01 3.621055841445922852e+00
4.043726921081542969e+00 2.493301010131835938e+01 2.156088256835937500e+01 3.372128248214721680e+00
4.145769119262695312e+00 2.498559761047363281e+01 2.174621009826660156e+01 3.239385604858398438e+00
4.288630962371826172e+00 2.622028923034667969e+01 2.293085098266601562e+01 3.289436340332031250e+00
4.390673637390136719e+00 2.613990783691406250e+01 2.274686431884765625e+01 3.393043994903564453e+00
4.411082744598388672e+00 2.600707054138183594e+01 2.264161872863769531e+01 3.365455865859985352e+00
4.431491374969482422e+00 2.645851135253906250e+01 2.303973579406738281e+01 3.418779850006103516e+00
4.451900482177734375e+00 2.622282409667968750e+01 2.286421012878417969e+01 3.358617067337036133e+00
4.472309112548828125e+00 2.626568412780761719e+01 2.298468971252441406e+01 3.280994653701782227e+00
4.492718219757080078e+00 2.649921989440917969e+01 2.323728179931640625e+01 3.261934280395507812e+00
4.615169525146484375e+00 2.648394393920898438e+01 2.350254249572753906e+01 2.981402397155761719e+00
4.778439998626708984e+00 2.662873077392578125e+01 2.369645690917968750e+01 2.932272434234619141e+00
4.941709518432617188e+00 2.753286170959472656e+01 2.457514381408691406e+01 2.957718849182128906e+00
4.982526779174804688e+00 2.783734321594238281e+01 2.492635154724121094e+01 2.910993814468383789e+00
5.002935886383056641e+00 2.779860877990722656e+01 2.494429397583007812e+01 2.854315757751464844e+00
5.023344516754150391e+00 2.763790321350097656e+01 2.484771156311035156e+01 2.790189266204833984e+00
5.043751716613769531e+00 2.752704238891601562e+01 2.474717712402343750e+01 2.779865741729736328e+00
5.084569454193115234e+00 2.775271606445312500e+01 2.492046165466308594e+01 2.832257747650146484e+00
5.104978561401367188e+00 2.769939994812011719e+01 2.485366058349609375e+01 2.845743179321289062e+00
5.125387191772460938e+00 2.782488822937011719e+01 2.499290084838867188e+01 2.831987857818603516e+00
5.145796298980712891e+00 2.774327850341796875e+01 2.498216819763183594e+01 2.761107683181762695e+00
5.166204929351806641e+00 2.801677131652832031e+01 2.529588317871093750e+01 2.720888853073120117e+00
5.186613559722900391e+00 2.756375885009765625e+01 2.485479736328125000e+01 2.708959341049194336e+00
5.207022666931152344e+00 2.750516319274902344e+01 2.480335044860839844e+01 2.701812028884887695e+00
5.227431297302246094e+00 2.776546478271484375e+01 2.504539871215820312e+01 2.720068693161010742e+00
5.288656234741210938e+00 2.800187492370605469e+01 2.523074150085449219e+01 2.771137237548828125e+00
5.309065341949462891e+00 2.799289321899414062e+01 2.522393417358398438e+01 2.768957138061523438e+00
5.329473972320556641e+00 2.804761886596679688e+01 2.526209449768066406e+01 2.785521984100341797e+00
5.349883079528808594e+00 2.823785972595214844e+01 2.539840888977050781e+01 2.839453458786010742e+00
5.370291709899902344e+00 2.804615783691406250e+01 2.521719169616699219e+01 2.828963041305541992e+00
5.390700340270996094e+00 2.806414794921875000e+01 2.521941757202148438e+01 2.844731807708740234e+00
5.492744922637939453e+00 2.827578735351562500e+01 2.541335868835449219e+01 2.862433195114135742e+00
5.594787597656250000e+00 2.850322151184082031e+01 2.572431182861328125e+01 2.778913021087646484e+00
5.615196228027343750e+00 2.873348426818847656e+01 2.595055961608886719e+01 2.782922744750976562e+00
5.656013965606689453e+00 2.867013359069824219e+01 2.591565322875976562e+01 2.754475593566894531e+00
5.676422595977783203e+00 2.870280075073242188e+01 2.598695182800292969e+01 2.715847730636596680e+00
5.696831703186035156e+00 2.891969680786132812e+01 2.621321868896484375e+01 2.706473588943481445e+00
5.798874378204345703e+00 2.911904144287109375e+01 2.644549369812011719e+01 2.673547267913818359e+00
5.819283008575439453e+00 2.861536788940429688e+01 2.598250770568847656e+01 2.632862329483032227e+00
5.839691638946533203e+00 2.862992668151855469e+01 2.599008560180664062e+01 2.639842748641967773e+00
5.880509376525878906e+00 2.865841102600097656e+01 2.600101852416992188e+01 2.657396316528320312e+00
5.900918483734130859e+00 2.866891479492187500e+01 2.601657104492187500e+01 2.652345895767211914e+00
5.921327114105224609e+00 2.859079742431640625e+01 2.593094062805175781e+01 2.659852027893066406e+00
5.962143421173095703e+00 2.876685333251953125e+01 2.609872817993164062e+01 2.668128728866577148e+00
5.982552051544189453e+00 2.880744743347167969e+01 2.612973976135253906e+01 2.677707910537719727e+00
6.002961158752441406e+00 2.884245491027832031e+01 2.613661384582519531e+01 2.705841302871704102e+00
6.023369789123535156e+00 2.884803771972656250e+01 2.614344024658203125e+01 2.704598665237426758e+00
6.105005264282226562e+00 2.896579170227050781e+01 2.626048088073730469e+01 2.705310106277465820e+00
6.125413894653320312e+00 2.896405220031738281e+01 2.625505638122558594e+01 2.708995819091796875e+00
6.145823001861572266e+00 2.900091171264648438e+01 2.630809593200683594e+01 2.692818403244018555e+00
6.166231632232666016e+00 2.890798187255859375e+01 2.622490310668945312e+01 2.683079242706298828e+00
6.186640739440917969e+00 2.924914741516113281e+01 2.654855918884277344e+01 2.700584650039672852e+00
6.207047939300537109e+00 2.978456497192382812e+01 2.707449913024902344e+01 2.710062980651855469e+00
6.227456569671630859e+00 2.945247459411621094e+01 2.678203201293945312e+01 2.670441150665283203e+00
6.288682937622070312e+00 2.955246353149414062e+01 2.692098236083984375e+01 2.631481170654296875e+00
6.309092044830322266e+00 2.950320625305175781e+01 2.687943267822265625e+01 2.623774766921997070e+00
6.329500675201416016e+00 2.954905700683593750e+01 2.692892074584960938e+01 2.620135068893432617e+00
6.349909782409667969e+00 2.957197189331054688e+01 2.695923995971679688e+01 2.612734794616699219e+00
6.451952457427978516e+00 2.961331558227539062e+01 2.704859924316406250e+01 2.564717054367065430e+00
6.513178825378417969e+00 2.957565689086914062e+01 2.698545646667480469e+01 2.590198516845703125e+00
6.533587455749511719e+00 2.957925224304199219e+01 2.699642944335937500e+01 2.582822799682617188e+00
6.594814300537109375e+00 3.083111572265625000e+01 2.817963981628417969e+01 2.651475906372070312e+00
6.635632038116455078e+00 2.964040565490722656e+01 2.705387496948242188e+01 2.586531400680541992e+00
6.656040668487548828e+00 2.957396125793457031e+01 2.699969673156738281e+01 2.574265480041503906e+00
6.676447868347167969e+00 2.948720550537109375e+01 2.692075347900390625e+01 2.566453933715820312e+00
6.696856975555419922e+00 2.940078163146972656e+01 2.684228324890136719e+01 2.558500528335571289e+00
6.717265605926513672e+00 2.942467689514160156e+01 2.686052131652832031e+01 2.564154386520385742e+00
6.778491973876953125e+00 2.940933799743652344e+01 2.680861091613769531e+01 2.600725650787353516e+00
6.798901081085205078e+00 2.934533691406250000e+01 2.673165702819824219e+01 2.613678693771362305e+00
6.941761016845703125e+00 2.875826454162597656e+01 2.618842315673828125e+01 2.569838047027587891e+00
6.962170124053955078e+00 2.977832984924316406e+01 2.720164299011230469e+01 2.576686382293701172e+00
6.982578754425048828e+00 2.969031143188476562e+01 2.712556648254394531e+01 2.564742565155029297e+00
7.002987861633300781e+00 2.982081413269042969e+01 2.725503730773925781e+01 2.565781593322753906e+00
7.023396492004394531e+00 2.975952529907226562e+01 2.720310974121093750e+01 2.556410789489746094e+00
7.043805599212646484e+00 2.967573165893554688e+01 2.712768745422363281e+01 2.548045158386230469e+00
7.064214229583740234e+00 2.966303634643554688e+01 2.710353469848632812e+01 2.559501886367797852e+00
7.105031967163085938e+00 2.973076820373535156e+01 2.720052719116210938e+01 2.530238866806030273e+00
7.125439167022705078e+00 2.977645492553710938e+01 2.724357223510742188e+01 2.532882452011108398e+00
7.145847797393798828e+00 2.969819450378417969e+01 2.717246437072753906e+01 2.525724172592163086e+00
7.166256904602050781e+00 2.960776138305664062e+01 2.709842109680175781e+01 2.509338617324829102e+00
7.186665534973144531e+00 2.978185272216796875e+01 2.727462577819824219e+01 2.507229328155517578e+00
7.207074642181396484e+00 2.970778083801269531e+01 2.719406890869140625e+01 2.513712406158447266e+00
7.227483272552490234e+00 2.982378196716308594e+01 2.732263374328613281e+01 2.501151084899902344e+00
7.247892379760742188e+00 2.981200981140136719e+01 2.731836318969726562e+01 2.493647336959838867e+00
7.268301010131835938e+00 2.972488403320312500e+01 2.724495124816894531e+01 2.479932785034179688e+00
7.288710117340087891e+00 2.981741714477539062e+01 2.733288383483886719e+01 2.484535217285156250e+00
7.309118747711181641e+00 2.971194267272949219e+01 2.721398353576660156e+01 2.497955799102783203e+00
7.329527378082275391e+00 2.964097976684570312e+01 2.714800643920898438e+01 2.492973327636718750e+00
7.349936485290527344e+00 2.970623207092285156e+01 2.717684745788574219e+01 2.529386997222900391e+00
7.370343685150146484e+00 2.959077644348144531e+01 2.709510421752929688e+01 2.495672225952148438e+00
7.390752315521240234e+00 2.954419326782226562e+01 2.704943656921386719e+01 2.494760274887084961e+00
7.411161422729492188e+00 2.940813255310058594e+01 2.692326736450195312e+01 2.484867811203002930e+00
7.431570053100585938e+00 2.934374618530273438e+01 2.684610939025878906e+01 2.497639417648315430e+00
7.492796897888183594e+00 2.944134140014648438e+01 2.700374031066894531e+01 2.437602758407592773e+00
7.513205528259277344e+00 2.936297035217285156e+01 2.693357658386230469e+01 2.429389953613281250e+00
7.533614635467529297e+00 2.938086318969726562e+01 2.694005203247070312e+01 2.440813779830932617e+00
7.554023265838623047e+00 2.937635231018066406e+01 2.692747879028320312e+01 2.448874711990356445e+00
7.574431896209716797e+00 2.940098571777343750e+01 2.694973945617675781e+01 2.451245784759521484e+00
7.594839096069335938e+00 2.932098960876464844e+01 2.685841560363769531e+01 2.462573051452636719e+00
7.615248203277587891e+00 2.927036094665527344e+01 2.679586601257324219e+01 2.474494457244873047e+00
7.635656833648681641e+00 2.919511413574218750e+01 2.672737884521484375e+01 2.467736244201660156e+00
7.656065940856933594e+00 2.915202903747558594e+01 2.666238594055175781e+01 2.489641189575195312e+00
7.676474571228027344e+00 2.912572288513183594e+01 2.663515663146972656e+01 2.490565538406372070e+00
7.696883678436279297e+00 2.914293479919433594e+01 2.660807800292968750e+01 2.534857511520385742e+00
7.717292308807373047e+00 2.906677246093750000e+01 2.657803726196289062e+01 2.488733291625976562e+00
7.737701416015625000e+00 2.900194549560546875e+01 2.650793647766113281e+01 2.494011878967285156e+00
7.758110046386718750e+00 2.901578521728515625e+01 2.652151679992675781e+01 2.494265556335449219e+00
7.778518676757812500e+00 2.926338005065917969e+01 2.671660232543945312e+01 2.546774864196777344e+00
7.798927783966064453e+00 2.899264717102050781e+01 2.649628067016601562e+01 2.496364355087280273e+00
7.819334983825683594e+00 2.899026679992675781e+01 2.649142265319824219e+01 2.498839378356933594e+00
7.839743614196777344e+00 2.899614715576171875e+01 2.649269104003906250e+01 2.503456115722656250e+00
7.860152721405029297e+00 2.896705818176269531e+01 2.646654319763183594e+01 2.500514984130859375e+00
7.880561351776123047e+00 2.899292182922363281e+01 2.648913192749023438e+01 2.503791093826293945e+00
7.900970458984375000e+00 2.895454788208007812e+01 2.645100593566894531e+01 2.503541946411132812e+00
7.962196826934814453e+00 2.957789230346679688e+01 2.705938911437988281e+01 2.518504142761230469e+00
7.982605457305908203e+00 2.961649131774902344e+01 2.715514755249023438e+01 2.461347579956054688e+00
8.003014564514160156e+00 2.950068664550781250e+01 2.704701232910156250e+01 2.453670978546142578e+00
8.023423194885253906e+00 2.942615890502929688e+01 2.697522926330566406e+01 2.450927257537841797e+00
8.043831825256347656e+00 2.936290740966796875e+01 2.690678977966308594e+01 2.456118106842041016e+00
8.064239501953125000e+00 2.929049491882324219e+01 2.683573150634765625e+01 2.454760551452636719e+00
8.084648132324218750e+00 2.927172279357910156e+01 2.680351829528808594e+01 2.468207359313964844e+00
8.145874977111816406e+00 2.936730957031250000e+01 2.694589805603027344e+01 2.421411037445068359e+00
8.166283607482910156e+00 2.928543663024902344e+01 2.688148498535156250e+01 2.403949499130249023e+00
8.186692237854003906e+00 2.923738861083984375e+01 2.683494377136230469e+01 2.402448892593383789e+00
8.207100868225097656e+00 2.918118286132812500e+01 2.678571128845214844e+01 2.395469427108764648e+00
8.349961280822753906e+00 2.925791740417480469e+01 2.688649177551269531e+01 2.371423482894897461e+00
8.390779495239257812e+00 2.914443206787109375e+01 2.678137779235839844e+01 2.363051414489746094e+00
8.411188125610351562e+00 2.908241081237792969e+01 2.671924209594726562e+01 2.363168716430664062e+00
8.452005386352539062e+00 2.903509521484375000e+01 2.667800903320312500e+01 2.357085704803466797e+00
8.472414970397949219e+00 2.909206199645996094e+01 2.672676658630371094e+01 2.365292549133300781e+00
8.574457168579101562e+00 2.907431221008300781e+01 2.672139167785644531e+01 2.352914094924926758e+00
8.594865798950195312e+00 2.892928314208984375e+01 2.656881141662597656e+01 2.360461473464965820e+00
8.615275382995605469e+00 2.889466476440429688e+01 2.653643798828125000e+01 2.358225584030151367e+00
8.635684013366699219e+00 2.880966186523437500e+01 2.644877815246582031e+01 2.360880374908447266e+00
8.656092643737792969e+00 2.874736404418945312e+01 2.638364982604980469e+01 2.363712549209594727e+00
8.676501274108886719e+00 2.871778488159179688e+01 2.633538627624511719e+01 2.382396936416625977e+00
8.696909904479980469e+00 2.870291328430175781e+01 2.632863807678222656e+01 2.374278068542480469e+00
8.717319488525390625e+00 2.868427658081054688e+01 2.629720687866210938e+01 2.387068748474121094e+00
8.737728118896484375e+00 2.853912162780761719e+01 2.615906906127929688e+01 2.380055665969848633e+00
8.758134841918945312e+00 2.848401069641113281e+01 2.609538269042968750e+01 2.388629198074340820e+00
8.778544425964355469e+00 2.845444679260253906e+01 2.606744003295898438e+01 2.387006282806396484e+00
8.798953056335449219e+00 2.840340995788574219e+01 2.602602195739746094e+01 2.377387285232543945e+00
8.880588531494140625e+00 2.862568473815917969e+01 2.632860374450683594e+01 2.297081232070922852e+00
8.941814422607421875e+00 2.853551673889160156e+01 2.623667716979980469e+01 2.298840999603271484e+00
8.982630729675292969e+00 2.856110382080078125e+01 2.625604057312011719e+01 2.305060625076293945e+00
9.003039360046386719e+00 2.849903869628906250e+01 2.619918060302734375e+01 2.299857854843139648e+00
9.043857574462890625e+00 2.837173271179199219e+01 2.608622932434082031e+01 2.285505294799804688e+00
9.064266204833984375e+00 2.851033592224121094e+01 2.620708656311035156e+01 2.303250312805175781e+00
9.207128524780273438e+00 2.834267997741699219e+01 2.602665138244628906e+01 2.316031455993652344e+00
9.227535247802734375e+00 2.827546501159667969e+01 2.596909332275390625e+01 2.306375980377197266e+00
9.247943878173828125e+00 2.819341278076171875e+01 2.588589477539062500e+01 2.307522535324096680e+00
9.268353462219238281e+00 2.818673515319824219e+01 2.588055419921875000e+01 2.306183815002441406e+00
9.288762092590332031e+00 2.830934906005859375e+01 2.600409317016601562e+01 2.305253267288208008e+00
9.329579353332519531e+00 2.829403305053710938e+01 2.599296188354492188e+01 2.301074504852294922e+00
9.452031135559082031e+00 2.790592384338378906e+01 2.565622329711914062e+01 2.249696731567382812e+00
9.472439765930175781e+00 2.810401535034179688e+01 2.585366821289062500e+01 2.250346660614013672e+00
9.492848396301269531e+00 2.811651992797851562e+01 2.584852218627929688e+01 2.267995595932006836e+00
9.513257980346679688e+00 2.889612388610839844e+01 2.662347793579101562e+01 2.272644996643066406e+00
9.533666610717773438e+00 2.795098876953125000e+01 2.568763351440429688e+01 2.263353824615478516e+00
9.554075241088867188e+00 2.801330566406250000e+01 2.575804328918457031e+01 2.255259513854980469e+00
9.574483871459960938e+00 2.800994873046875000e+01 2.575314521789550781e+01 2.256801366806030273e+00
9.594892501831054688e+00 2.784891891479492188e+01 2.557361412048339844e+01 2.275303363800048828e+00
9.615302085876464844e+00 2.782108879089355469e+01 2.554423141479492188e+01 2.276854038238525391e+00
9.635710716247558594e+00 2.783969497680664062e+01 2.556466102600097656e+01 2.275036573410034180e+00
9.656119346618652344e+00 2.764599037170410156e+01 2.536187744140625000e+01 2.284112453460693359e+00
9.676527023315429688e+00 2.764481544494628906e+01 2.535787010192871094e+01 2.286945343017578125e+00
9.696935653686523438e+00 2.763935852050781250e+01 2.535387229919433594e+01 2.285486698150634766e+00
9.717344284057617188e+00 2.762542533874511719e+01 2.532526206970214844e+01 2.300166606903076172e+00
9.737752914428710938e+00 2.756607818603515625e+01 2.527218246459960938e+01 2.293898820877075195e+00
9.758161544799804688e+00 2.755810165405273438e+01 2.526839256286621094e+01 2.289712905883789062e+00
9.778571128845214844e+00 2.752907371520996094e+01 2.524013519287109375e+01 2.288941383361816406e+00
9.798979759216308594e+00 2.752885246276855469e+01 2.523642730712890625e+01 2.292424201965332031e+00
9.819388389587402344e+00 2.749548912048339844e+01 2.520835494995117188e+01 2.287138223648071289e+00
9.839797019958496094e+00 2.746311187744140625e+01 2.518039703369140625e+01 2.282716035842895508e+00
9.860206604003906250e+00 2.743225288391113281e+01 2.515255928039550781e+01 2.279693603515625000e+00
9.880615234375000000e+00 2.742408752441406250e+01 2.514906120300292969e+01 2.275025844573974609e+00
9.901023864746093750e+00 2.736898612976074219e+01 2.509722137451171875e+01 2.271763086318969727e+00
9.921431541442871094e+00 2.733565521240234375e+01 2.506972885131835938e+01 2.265930175781250000e+00
9.941840171813964844e+00 2.733188438415527344e+01 2.506642341613769531e+01 2.265460252761840820e+00
9.962248802185058594e+00 2.727815818786621094e+01 2.501507186889648438e+01 2.263083934783935547e+00
9.982657432556152344e+00 2.727347946166992188e+01 2.501189231872558594e+01 2.261585950851440430e+00
1.000306606292724609e+01 2.724473190307617188e+01 2.498479270935058594e+01 2.259936809539794922e+00
1.002347564697265625e+01 2.721421432495117188e+01 2.495780181884765625e+01 2.256412029266357422e+00
1.004388427734375000e+01 2.723051452636718750e+01 2.497859191894531250e+01 2.251922845840454102e+00
1.006429290771484375e+01 2.717852592468261719e+01 2.492794036865234375e+01 2.250584602355957031e+00
1.008470153808593750e+01 2.717273521423339844e+01 2.492496871948242188e+01 2.247766733169555664e+00
1.010511112213134766e+01 2.712286949157714844e+01 2.487462997436523438e+01 2.248239278793334961e+00
1.012551975250244141e+01 2.709568214416503906e+01 2.484813499450683594e+01 2.247548103332519531e+00
1.014592647552490234e+01 2.709132766723632812e+01 2.484534454345703125e+01 2.245985031127929688e+00
1.016633605957031250e+01 2.706310844421386719e+01 2.481901741027832031e+01 2.244092464447021484e+00
1.018674468994140625e+01 2.703351593017578125e+01 2.479278945922851562e+01 2.240730047225952148e+00
1.020715332031250000e+01 2.700680732727050781e+01 2.476667404174804688e+01 2.240130186080932617e+00
1.022756195068359375e+01 2.698251533508300781e+01 2.474065971374511719e+01 2.241850376129150391e+00
1.024797058105468750e+01 2.695284843444824219e+01 2.471474647521972656e+01 2.238103628158569336e+00
1.026838016510009766e+01 2.694964981079101562e+01 2.471225166320800781e+01 2.237401247024536133e+00
1.030919742584228516e+01 2.704228782653808594e+01 2.484662246704101562e+01 2.195665597915649414e+00
1.032960605621337891e+01 2.701892471313476562e+01 2.482070541381835938e+01 2.198221445083618164e+00
1.035001564025878906e+01 2.796394538879394531e+01 2.576633071899414062e+01 2.197609663009643555e+00
1.037042236328125000e+01 2.693680381774902344e+01 2.474609947204589844e+01 2.190703153610229492e+00
1.039083099365234375e+01 2.684627914428710938e+01 2.462837791442871094e+01 2.217903614044189453e+00
1.041123962402343750e+01 2.679174232482910156e+01 2.458009910583496094e+01 2.211642265319824219e+00
1.043164920806884766e+01 2.681890106201171875e+01 2.460085678100585938e+01 2.218047618865966797e+00
1.045205783843994141e+01 2.679793739318847656e+01 2.455282020568847656e+01 2.245117664337158203e+00
1.047246646881103516e+01 2.672156333923339844e+01 2.448211288452148438e+01 2.239448785781860352e+00
1.049287509918212891e+01 2.669610977172851562e+01 2.445730972290039062e+01 2.238798141479492188e+00
1.051328468322753906e+01 2.722861289978027344e+01 2.491077995300292969e+01 2.317836046218872070e+00
1.053369331359863281e+01 2.673856735229492188e+01 2.449889373779296875e+01 2.239678621292114258e+00
1.055410194396972656e+01 2.668706703186035156e+01 2.445152091979980469e+01 2.235544204711914062e+00
1.057451057434082031e+01 2.665873336791992188e+01 2.442696762084960938e+01 2.231763601303100586e+00
1.059491920471191406e+01 2.663282585144042969e+01 2.440251159667968750e+01 2.230311632156372070e+00
1.061532688140869141e+01 2.662946319580078125e+01 2.440069961547851562e+01 2.228761911392211914e+00
1.063573551177978516e+01 2.660413932800292969e+01 2.437638473510742188e+01 2.227753877639770508e+00
1.065614414215087891e+01 2.657863044738769531e+01 2.435216522216796875e+01 2.226464509963989258e+00
1.067655372619628906e+01 2.654994201660156250e+01 2.432803726196289062e+01 2.221903085708618164e+00
1.069696235656738281e+01 2.654805564880371094e+01 2.432637977600097656e+01 2.221676111221313477e+00
1.071737098693847656e+01 2.652340316772460938e+01 2.430239295959472656e+01 2.221010208129882812e+00
1.073777961730957031e+01 2.649436759948730469e+01 2.427849578857421875e+01 2.215870380401611328e+00
1.075818920135498047e+01 2.646932411193847656e+01 2.425469207763671875e+01 2.214628934860229492e+00
1.077859783172607422e+01 2.644435119628906250e+01 2.423097419738769531e+01 2.213371276855468750e+00
1.079900646209716797e+01 2.641748046875000000e+01 2.420734786987304688e+01 2.210130929946899414e+00
1.081941509246826172e+01 2.639456558227539062e+01 2.418381500244140625e+01 2.210752964019775391e+00
1.083982276916503906e+01 2.637111091613769531e+01 2.416036796569824219e+01 2.210746288299560547e+00
1.086023139953613281e+01 2.636678123474121094e+01 2.415904998779296875e+01 2.207732439041137695e+00
1.088064002990722656e+01 2.633950233459472656e+01 2.413573837280273438e+01 2.203763246536254883e+00
1.090104866027832031e+01 2.629190254211425781e+01 2.409055137634277344e+01 2.201348066329956055e+00
1.092145824432373047e+01 2.626903343200683594e+01 2.406745529174804688e+01 2.201580047607421875e+00
1.094186687469482422e+01 2.624323463439941406e+01 2.404444122314453125e+01 2.198791027069091797e+00
1.096227550506591797e+01 2.621816253662109375e+01 2.402151298522949219e+01 2.196647405624389648e+00
1.098268413543701172e+01 2.617080497741699219e+01 2.397687721252441406e+01 2.193927764892578125e+00
1.100309371948242188e+01 2.614442253112792969e+01 2.395415878295898438e+01 2.190267086029052734e+00
1.102350234985351562e+01 2.614300918579101562e+01 2.395324325561523438e+01 2.189767599105834961e+00
1.104391098022460938e+01 2.611804771423339844e+01 2.393065261840820312e+01 2.187393188476562500e+00
1.106431770324707031e+01 2.607210922241210938e+01 2.388651657104492188e+01 2.185591220855712891e+00
1.108472728729248047e+01 2.607068443298339844e+01 2.388572883605957031e+01 2.184955835342407227e+00
1.110513591766357422e+01 2.602372741699218750e+01 2.384183120727539062e+01 2.181896448135375977e+00
1.112554454803466797e+01 2.599974632263183594e+01 2.381961631774902344e+01 2.180124521255493164e+00
1.114595317840576172e+01 2.597585868835449219e+01 2.379747962951660156e+01 2.178379535675048828e+00
1.116636276245117188e+01 2.595301055908203125e+01 2.377542114257812500e+01 2.177589654922485352e+00
1.118677139282226562e+01 2.594803619384765625e+01 2.377484321594238281e+01 2.173195362091064453e+00
1.120718002319335938e+01 2.592323303222656250e+01 2.375291252136230469e+01 2.170322656631469727e+00
1.122758865356445312e+01 2.590059089660644531e+01 2.373105621337890625e+01 2.169533252716064453e+00
1.124799728393554688e+01 2.587677574157714844e+01 2.370927810668945312e+01 2.167492389678955078e+00
1.126840686798095703e+01 2.585457229614257812e+01 2.368758392333984375e+01 2.166986942291259766e+00
1.128881549835205078e+01 2.583041763305664062e+01 2.366596794128417969e+01 2.164446830749511719e+00
1.130922222137451172e+01 2.578466606140136719e+01 2.362326049804687500e+01 2.161406040191650391e+00
1.132963180541992188e+01 2.580447387695312500e+01 2.364409446716308594e+01 2.160379648208618164e+00
1.135004043579101562e+01 2.578130340576171875e+01 2.362267303466796875e+01 2.158627271652221680e+00
1.137044906616210938e+01 2.573590850830078125e+01 2.358027076721191406e+01 2.155639410018920898e+00
1.139085769653320312e+01 2.571234321594238281e+01 2.355904006958007812e+01 2.153306722640991211e+00
1.141126728057861328e+01 2.569025802612304688e+01 2.353788185119628906e+01 2.152374505996704102e+00
1.143167591094970703e+01 2.566658973693847656e+01 2.351680183410644531e+01 2.149792194366455078e+00
1.145208454132080078e+01 2.564235687255859375e+01 2.349579620361328125e+01 2.146561145782470703e+00
1.147249317169189453e+01 2.564024543762207031e+01 2.349573135375976562e+01 2.144510269165039062e+00
1.149290180206298828e+01 2.561551284790039062e+01 2.347483825683593750e+01 2.140678644180297852e+00
1.161535358428955078e+01 2.536368942260742188e+01 2.324797248840332031e+01 2.115718841552734375e+00
1.163576221466064453e+01 2.577332496643066406e+01 2.363924407958984375e+01 2.134081363677978516e+00
1.165617179870605469e+01 2.580438232421875000e+01 2.368000602722167969e+01 2.124369859695434570e+00
1.173780632019042969e+01 2.557422828674316406e+01 2.345412826538085938e+01 2.120097875595092773e+00
1.179903125762939453e+01 2.562076568603515625e+01 2.349473953247070312e+01 2.126025915145874023e+00
1.181944084167480469e+01 2.555266189575195312e+01 2.345417022705078125e+01 2.098490238189697266e+00
1.183984947204589844e+01 2.550857353210449219e+01 2.341374015808105469e+01 2.094833850860595703e+00
1.188066673278808594e+01 2.546727752685546875e+01 2.337359809875488281e+01 2.093674182891845703e+00
1.202352714538574219e+01 2.520687675476074219e+01 2.311579132080078125e+01 2.091084241867065430e+00
1.204393577575683594e+01 2.517398452758789062e+01 2.307662010192871094e+01 2.097359657287597656e+00
1.206434535980224609e+01 2.592419052124023438e+01 2.383129501342773438e+01 2.092894077301025391e+00
1.214597988128662109e+01 2.523166656494140625e+01 2.313896560668945312e+01 2.092704057693481445e+00
1.216638946533203125e+01 2.519146919250488281e+01 2.310014915466308594e+01 2.091318130493164062e+00
1.218679809570312500e+01 2.553970909118652344e+01 2.345433616638183594e+01 2.085371732711791992e+00
1.220720672607421875e+01 2.512233924865722656e+01 2.302291107177734375e+01 2.099429368972778320e+00
1.222761440277099609e+01 2.508035278320312500e+01 2.298448562622070312e+01 2.095867633819580078e+00
1.224802303314208984e+01 2.510435485839843750e+01 2.300482368469238281e+01 2.099530696868896484e+00
1.226843166351318359e+01 2.510658454895019531e+01 2.300557899475097656e+01 2.101005315780639648e+00
1.228884029388427734e+01 2.503078651428222656e+01 2.290892982482910156e+01 2.121853351593017578e+00
1.232965850830078125e+01 2.506272506713867188e+01 2.296899986267089844e+01 2.093723773956298828e+00
1.235006713867187500e+01 2.500524902343750000e+01 2.291166114807128906e+01 2.093590021133422852e+00
1.239088439941406250e+01 2.497215843200683594e+01 2.287482452392578125e+01 2.097331047058105469e+00
1.245211124420166016e+01 2.486226081848144531e+01 2.276235008239746094e+01 2.099909067153930664e+00
1.247251892089843750e+01 2.532623291015625000e+01 2.322414016723632812e+01 2.102093935012817383e+00
1.251333618164062500e+01 2.485269737243652344e+01 2.276576614379882812e+01 2.086931943893432617e+00
1.253374481201171875e+01 2.482922935485839844e+01 2.274779319763183594e+01 2.081437349319458008e+00
1.255415344238281250e+01 2.486863327026367188e+01 2.278709220886230469e+01 2.081542730331420898e+00
1.257456302642822266e+01 2.481807136535644531e+01 2.273106765747070312e+01 2.087005138397216797e+00
1.259497165679931641e+01 2.482044410705566406e+01 2.273224830627441406e+01 2.088197469711303711e+00
1.265619850158691406e+01 2.480249977111816406e+01 2.273576736450195312e+01 2.066732645034790039e+00
1.271742343902587891e+01 2.480214691162109375e+01 2.273925209045410156e+01 2.062894821166992188e+00
1.273783206939697266e+01 2.478117370605468750e+01 2.272161483764648438e+01 2.059562444686889648e+00
1.275824069976806641e+01 2.478576660156250000e+01 2.272279357910156250e+01 2.062971591949462891e+00
1.279905796051025391e+01 2.596307373046875000e+01 2.390348625183105469e+01 2.059586524963378906e+00
1.290110301971435547e+01 2.477317047119140625e+01 2.271239852905273438e+01 2.060774326324462891e+00
1.292150974273681641e+01 2.475383949279785156e+01 2.269505500793457031e+01 2.058783769607543945e+00
1.296232795715332031e+01 2.475585746765136719e+01 2.269746017456054688e+01 2.058396577835083008e+00
1.302355384826660156e+01 2.469579696655273438e+01 2.262751960754394531e+01 2.068276166915893555e+00
1.304396247863769531e+01 2.464925765991210938e+01 2.259211540222167969e+01 2.057139158248901367e+00
1.308478069305419922e+01 2.466631889343261719e+01 2.261311531066894531e+01 2.053203582763671875e+00
1.310518932342529297e+01 2.469031333923339844e+01 2.263270187377929688e+01 2.057611703872680664e+00
1.316641426086425781e+01 2.457209968566894531e+01 2.252745628356933594e+01 2.044642448425292969e+00
1.318682289123535156e+01 2.454707908630371094e+01 2.251074790954589844e+01 2.036333560943603516e+00
1.328886699676513672e+01 2.441087722778320312e+01 2.237391662597656250e+01 2.036961793899536133e+00
1.330927658081054688e+01 2.438924407958984375e+01 2.235759735107421875e+01 2.031647443771362305e+00
1.332968521118164062e+01 2.442362785339355469e+01 2.237724304199218750e+01 2.046382188796997070e+00
1.335009384155273438e+01 2.433629989624023438e+01 2.230716896057128906e+01 2.029133796691894531e+00
1.337050247192382812e+01 2.433619880676269531e+01 2.230892944335937500e+01 2.027272701263427734e+00
1.339091014862060547e+01 2.426660537719726562e+01 2.223917579650878906e+01 2.027428627014160156e+00
1.347254562377929688e+01 2.422567749023437500e+01 2.221103286743164062e+01 2.014640569686889648e+00
1.349295425415039062e+01 2.418692016601562500e+01 2.217743682861328125e+01 2.009485960006713867e+00
1.351336288452148438e+01 2.414981651306152344e+01 2.214394378662109375e+01 2.005875825881958008e+00
1.353377151489257812e+01 2.421731758117675781e+01 2.219899368286132812e+01 2.018330335617065430e+00
1.355418109893798828e+01 2.400426864624023438e+01 2.198894882202148438e+01 2.015322923660278320e+00
1.357458972930908203e+01 2.402681350708007812e+01 2.195588874816894531e+01 2.070918798446655273e+00
1.359499835968017578e+01 2.583604431152343750e+01 2.380706977844238281e+01 2.028972387313842773e+00
1.361540508270263672e+01 2.402692794799804688e+01 2.201315116882324219e+01 2.013770818710327148e+00
1.363581562042236328e+01 2.398542785644531250e+01 2.198019981384277344e+01 2.005232810974121094e+00
1.365622234344482422e+01 2.392043876647949219e+01 2.191229248046875000e+01 2.008142471313476562e+00
1.367663288116455078e+01 2.390924644470214844e+01 2.189709663391113281e+01 2.012147665023803711e+00
1.369704055786132812e+01 2.386073112487792969e+01 2.184699249267578125e+01 2.013738393783569336e+00
1.371745109558105469e+01 2.384784507751464844e+01 2.183193778991699219e+01 2.015903472900390625e+00
1.373785781860351562e+01 2.379431915283203125e+01 2.178208160400390625e+01 2.012234210968017578e+00
1.375826835632324219e+01 2.377554512023925781e+01 2.176716804504394531e+01 2.008373737335205078e+00
1.377867507934570312e+01 2.375786399841308594e+01 2.175230407714843750e+01 2.005559206008911133e+00
1.379908561706542969e+01 2.375826644897460938e+01 2.175482559204101562e+01 2.003441572189331055e+00
1.381949329376220703e+01 2.372252845764160156e+01 2.172270011901855469e+01 1.999829769134521484e+00
1.383990383148193359e+01 2.370580673217773438e+01 2.170796203613281250e+01 1.997842311859130859e+00
1.386031055450439453e+01 2.368905448913574219e+01 2.169327163696289062e+01 1.995785355567932129e+00
1.388071823120117188e+01 2.365480232238769531e+01 2.166138076782226562e+01 1.993424773216247559e+00
1.390112876892089844e+01 2.365657806396484375e+01 2.166401672363281250e+01 1.992563247680664062e+00
1.392153549194335938e+01 2.363991737365722656e+01 2.164945602416992188e+01 1.990460515022277832e+00
1.394194602966308594e+01 2.362591743469238281e+01 2.163493347167968750e+01 1.990987420082092285e+00
1.396235370635986328e+01 2.360723686218261719e+01 2.162045860290527344e+01 1.986779451370239258e+00
1.398276424407958984e+01 2.360877227783203125e+01 2.162313842773437500e+01 1.985634446144104004e+00
1.400317096710205078e+01 2.357618904113769531e+01 2.159162521362304688e+01 1.984564185142517090e+00
1.402358150482177734e+01 2.356018447875976562e+01 2.157727241516113281e+01 1.982912421226501465e+00
1.404398918151855469e+01 2.354425621032714844e+01 2.156296348571777344e+01 1.981299757957458496e+00
1.406439971923828125e+01 2.353116035461425781e+01 2.154869270324707031e+01 1.982468962669372559e+00
1.408480644226074219e+01 2.351232337951660156e+01 2.153446769714355469e+01 1.977857708930969238e+00
1.410521411895751953e+01 2.349844169616699219e+01 2.152028465270996094e+01 1.978156447410583496e+00
1.412562465667724609e+01 2.346537017822265625e+01 2.148918914794921875e+01 1.976183056831359863e+00
1.414603137969970703e+01 2.346636772155761719e+01 2.149203109741210938e+01 1.974334478378295898e+00
1.416644191741943359e+01 2.345033836364746094e+01 2.147796630859375000e+01 1.972369432449340820e+00
1.418684959411621094e+01 2.343589401245117188e+01 2.146394538879394531e+01 1.971953868865966797e+00
1.420725917816162109e+01 2.340317153930664062e+01 2.143310928344726562e+01 1.970057845115661621e+00
1.422766685485839844e+01 2.337136268615722656e+01 2.140236854553222656e+01 1.968998670578002930e+00
1.424807739257812500e+01 2.337318038940429688e+01 2.140531349182128906e+01 1.967864990234375000e+00
1.426848411560058594e+01 2.334134101867675781e+01 2.137469863891601562e+01 1.966644048690795898e+00
1.428889465332031250e+01 2.332504653930664062e+01 2.136091995239257812e+01 1.964122176170349121e+00
1.430930233001708984e+01 2.330908012390136719e+01 2.134718513488769531e+01 1.961895465850830078e+00
1.432970905303955078e+01 2.329561042785644531e+01 2.133348846435546875e+01 1.962117791175842285e+00
1.435011959075927734e+01 2.328016853332519531e+01 2.131982994079589844e+01 1.960337162017822266e+00
1.437052726745605469e+01 2.324819374084472656e+01 2.128955459594726562e+01 1.958635807037353516e+00
1.439093780517578125e+01 2.323391532897949219e+01 2.127599525451660156e+01 1.957917809486389160e+00
1.441134452819824219e+01 2.323504638671875000e+01 2.127908897399902344e+01 1.955959439277648926e+00
1.443175506591796875e+01 2.320362854003906250e+01 2.124899482727050781e+01 1.954634666442871094e+00
1.445216274261474609e+01 2.318842124938964844e+01 2.123555183410644531e+01 1.952869176864624023e+00
1.447257328033447266e+01 2.315696144104003906e+01 2.120560455322265625e+01 1.951355934143066406e+00
1.449298000335693359e+01 2.315982246398925781e+01 2.120878219604492188e+01 1.951039075851440430e+00
1.451339054107666016e+01 2.314482879638671875e+01 2.119544982910156250e+01 1.949382185935974121e+00
1.453379821777343750e+01 2.311288070678710938e+01 2.116568946838378906e+01 1.947191119194030762e+00
1.455420494079589844e+01 2.309843063354492188e+01 2.115246009826660156e+01 1.945973396301269531e+00
1.457461547851562500e+01 2.310081100463867188e+01 2.115568733215332031e+01 1.945119857788085938e+00
1.459502315521240234e+01 2.307000923156738281e+01 2.112610626220703125e+01 1.943903207778930664e+00
1.461543273925781250e+01 2.305640411376953125e+01 2.111298370361328125e+01 1.943421959877014160e+00
1.463584041595458984e+01 2.304113960266113281e+01 2.109990310668945312e+01 1.941238880157470703e+00
1.465625095367431641e+01 2.302661132812500000e+01 2.108685302734375000e+01 1.939757347106933594e+00
1.467665767669677734e+01 2.301370048522949219e+01 2.107384490966796875e+01 1.939853668212890625e+00
1.469706821441650391e+01 2.298201179504394531e+01 2.104457855224609375e+01 1.937436103820800781e+00
1.471747589111328125e+01 2.296840095520019531e+01 2.103166198730468750e+01 1.936735987663269043e+00
1.473788642883300781e+01 2.297088813781738281e+01 2.103502082824707031e+01 1.935865283012390137e+00
1.475829315185546875e+01 2.294072341918945312e+01 2.100593376159667969e+01 1.934787988662719727e+00
1.477870082855224609e+01 2.292676162719726562e+01 2.099312782287597656e+01 1.933632135391235352e+00
1.479911136627197266e+01 2.291210174560546875e+01 2.098035049438476562e+01 1.931750774383544922e+00
1.481951808929443359e+01 2.289844894409179688e+01 2.096761322021484375e+01 1.930838346481323242e+00
1.483992862701416016e+01 2.288310813903808594e+01 2.095490837097167969e+01 1.928202986717224121e+00
1.486033630371093750e+01 2.286968803405761719e+01 2.094223976135253906e+01 1.927450180053710938e+00
1.488074684143066406e+01 2.283801078796386719e+01 2.091351509094238281e+01 1.924496173858642578e+00
1.490115356445312500e+01 2.284298896789550781e+01 2.091700553894042969e+01 1.925979614257812500e+00
1.492156410217285156e+01 2.282919311523437500e+01 2.090443611145019531e+01 1.924758434295654297e+00
1.494197177886962891e+01 2.279871749877929688e+01 2.087588500976562500e+01 1.922829627990722656e+00
1.496238231658935547e+01 2.276645851135253906e+01 2.084740829467773438e+01 1.919052481651306152e+00
1.498278903961181641e+01 2.278810691833496094e+01 2.086694717407226562e+01 1.921158075332641602e+00
1.500319957733154297e+01 2.275789642333984375e+01 2.083856010437011719e+01 1.919335246086120605e+00
1.502360725402832031e+01 2.273065376281738281e+01 2.081025314331054688e+01 1.920403122901916504e+00
1.504401397705078125e+01 2.271643638610839844e+01 2.079793548583984375e+01 1.918500185012817383e+00
1.506442451477050781e+01 2.270270347595214844e+01 2.078564834594726562e+01 1.917053222656250000e+00
1.508483123779296875e+01 2.267359161376953125e+01 2.075752830505371094e+01 1.916065931320190430e+00
1.510524177551269531e+01 2.267736816406250000e+01 2.076117706298828125e+01 1.916187763214111328e+00
1.512564945220947266e+01 2.265946769714355469e+01 2.074899482727050781e+01 1.910472750663757324e+00
1.514605998992919922e+01 2.264772033691406250e+01 2.073684120178222656e+01 1.910874247550964355e+00
1.516646671295166016e+01 2.261980628967285156e+01 2.070893859863281250e+01 1.910863518714904785e+00
1.518687725067138672e+01 2.258879280090332031e+01 2.068110656738281250e+01 1.907686352729797363e+00
1.520728492736816406e+01 2.259320831298828125e+01 2.068483543395996094e+01 1.908374905586242676e+00
1.522769546508789062e+01 2.256266212463378906e+01 2.065711212158203125e+01 1.905549526214599609e+00
1.524810218811035156e+01 2.254985427856445312e+01 2.064516639709472656e+01 1.904689550399780273e+00
1.526850986480712891e+01 2.252068901062011719e+01 2.061757278442382812e+01 1.903113842010498047e+00
1.528892040252685547e+01 2.252386665344238281e+01 2.062136459350585938e+01 1.902502894401550293e+00
1.530932712554931641e+01 2.249394989013671875e+01 2.059387588500976562e+01 1.900074481964111328e+00
1.532973766326904297e+01 2.246464538574218750e+01 2.056645584106445312e+01 1.898186802864074707e+00
1.535014533996582031e+01 2.245284461975097656e+01 2.055470848083496094e+01 1.898140549659729004e+00
1.537055587768554688e+01 2.243959999084472656e+01 2.054298782348632812e+01 1.896615386009216309e+00
1.539096260070800781e+01 2.241056632995605469e+01 2.051575088500976562e+01 1.894815921783447266e+00
1.541137313842773438e+01 2.239681625366210938e+01 2.050411415100097656e+01 1.892705082893371582e+00
1.543178081512451172e+01 2.240005683898925781e+01 2.050802612304687500e+01 1.892033576965332031e+00
1.545219039916992188e+01 2.237211608886718750e+01 2.048093605041503906e+01 1.891184091567993164e+00
1.547259807586669922e+01 2.234300231933593750e+01 2.045392227172851562e+01 1.889079213142395020e+00
1.549300575256347656e+01 2.233054351806640625e+01 2.044243049621582031e+01 1.888111352920532227e+00
1.551341533660888672e+01 2.231791496276855469e+01 2.043096733093261719e+01 1.886947989463806152e+00
1.553382301330566406e+01 2.230530929565429688e+01 2.041953849792480469e+01 1.885770320892333984e+00
1.555423355102539062e+01 2.227790260314941406e+01 2.039274406433105469e+01 1.885161876678466797e+00
1.557464027404785156e+01 2.226542282104492188e+01 2.038139533996582031e+01 1.884029746055603027e+00
1.559505081176757812e+01 2.225226020812988281e+01 2.037007141113281250e+01 1.882193684577941895e+00
1.561545848846435547e+01 2.222388648986816406e+01 2.034345054626464844e+01 1.880438327789306641e+00
1.563586902618408203e+01 2.221243095397949219e+01 2.033220291137695312e+01 1.880231857299804688e+00
1.565627574920654297e+01 2.219997787475585938e+01 2.032099151611328125e+01 1.878990888595581055e+00
1.567668342590332031e+01 2.217212677001953125e+01 2.029453849792480469e+01 1.877591252326965332e+00
1.569709396362304688e+01 2.216024017333984375e+01 2.028340339660644531e+01 1.876837730407714844e+00
1.571750068664550781e+01 2.213364982604980469e+01 2.025706863403320312e+01 1.876578211784362793e+00
1.573791122436523438e+01 2.212075805664062500e+01 2.024600601196289062e+01 1.874754309654235840e+00
1.575831890106201172e+01 2.210847854614257812e+01 2.023497772216796875e+01 1.873499989509582520e+00
1.577872943878173828e+01 2.208122634887695312e+01 2.020880317687988281e+01 1.872423887252807617e+00
1.579913616180419922e+01 2.206956100463867188e+01 2.019785118103027344e+01 1.871708631515502930e+00
1.581954383850097656e+01 2.205721092224121094e+01 2.018692970275878906e+01 1.870282053947448730e+00
1.583995437622070312e+01 2.203115844726562500e+01 2.016091918945312500e+01 1.870237827301025391e+00
1.586036109924316406e+01 2.201861190795898438e+01 2.015007209777832031e+01 1.868544578552246094e+00
1.588077163696289062e+01 2.200675010681152344e+01 2.013924789428710938e+01 1.867506384849548340e+00
1.590117931365966797e+01 2.198017883300781250e+01 2.011340141296386719e+01 1.866777062416076660e+00
1.592158889770507812e+01 2.196780586242675781e+01 2.010265350341796875e+01 1.865151643753051758e+00
1.594199657440185547e+01 2.194167518615722656e+01 2.007691955566406250e+01 1.864753246307373047e+00
1.596240711212158203e+01 2.194580078125000000e+01 2.008124160766601562e+01 1.864560365676879883e+00
1.598281383514404297e+01 2.191848564147949219e+01 2.005560302734375000e+01 1.862883925437927246e+00
1.600322532653808594e+01 2.189171028137207031e+01 2.003002357482910156e+01 1.861689567565917969e+00
1.602363204956054688e+01 2.189502334594726562e+01 2.003439521789550781e+01 1.860625863075256348e+00
1.604404258728027344e+01 2.186807823181152344e+01 2.000890731811523438e+01 1.859167695045471191e+00
1.606444931030273438e+01 2.184192657470703125e+01 1.998348808288574219e+01 1.858438849449157715e+00
1.608485603332519531e+01 2.181578063964843750e+01 1.995813560485839844e+01 1.857643842697143555e+00
1.610526657104492188e+01 2.180437469482421875e+01 1.994770622253417969e+01 1.856669068336486816e+00
1.612567520141601562e+01 2.179133033752441406e+01 1.993730926513671875e+01 1.854022264480590820e+00
1.614608573913574219e+01 2.176548957824707031e+01 1.991210556030273438e+01 1.853382587432861328e+00
1.616649246215820312e+01 2.176782417297363281e+01 1.991658592224121094e+01 1.851237416267395020e+00
1.618690299987792969e+01 2.174262428283691406e+01 1.989147377014160156e+01 1.851150155067443848e+00
1.620730972290039062e+01 2.171670722961425781e+01 1.986642646789550781e+01 1.850279211997985840e+00
1.622772026062011719e+01 2.169001197814941406e+01 1.984143829345703125e+01 1.848571419715881348e+00
1.624812698364257812e+01 2.169330787658691406e+01 1.984598541259765625e+01 1.847320795059204102e+00
1.626853752136230469e+01 2.166587066650390625e+01 1.982108688354492188e+01 1.844783425331115723e+00
1.628894615173339844e+01 2.164096069335937500e+01 1.979625511169433594e+01 1.844704389572143555e+00
1.630935287475585938e+01 2.163006401062011719e+01 1.978616523742675781e+01 1.843896389007568359e+00
1.632976341247558594e+01 2.161808776855468750e+01 1.977609252929687500e+01 1.841998815536499023e+00
1.635017013549804688e+01 2.159204292297363281e+01 1.975140953063964844e+01 1.840632796287536621e+00
1.637058067321777344e+01 2.158047676086425781e+01 1.974140739440917969e+01 1.839065313339233398e+00
1.639098739624023438e+01 2.155440711975097656e+01 1.971682739257812500e+01 1.837583899497985840e+00
1.641139793395996094e+01 2.154305458068847656e+01 1.970689201354980469e+01 1.836158752441406250e+00
1.643180465698242188e+01 2.151678657531738281e+01 1.968241691589355469e+01 1.834373354911804199e+00
1.645221519470214844e+01 2.150701332092285156e+01 1.967255210876464844e+01 1.834460496902465820e+00
1.647262382507324219e+01 2.148048782348632812e+01 1.964818191528320312e+01 1.832303047180175781e+00
1.649303436279296875e+01 2.145427322387695312e+01 1.962386703491210938e+01 1.830409407615661621e+00
1.651344108581542969e+01 2.145745849609375000e+01 1.962860679626464844e+01 1.828854799270629883e+00
1.653384780883789062e+01 2.143222999572753906e+01 1.960437965393066406e+01 1.827852368354797363e+00
1.655425834655761719e+01 2.140680503845214844e+01 1.958020782470703125e+01 1.826599240303039551e+00
1.657466506958007812e+01 2.138176918029785156e+01 1.955610084533691406e+01 1.825665831565856934e+00
1.659507560729980469e+01 2.138369178771972656e+01 1.956089973449707031e+01 1.822791814804077148e+00
1.661548423767089844e+01 2.135871124267578125e+01 1.953687667846679688e+01 1.821833610534667969e+00
1.663589477539062500e+01 2.133275985717773438e+01 1.951290702819824219e+01 1.819855690002441406e+00
1.665630149841308594e+01 2.132267761230468750e+01 1.950337028503417969e+01 1.819311738014221191e+00
1.667671203613281250e+01 2.131175804138183594e+01 1.949385643005371094e+01 1.817902088165283203e+00
1.669711875915527344e+01 2.128705024719238281e+01 1.947002983093261719e+01 1.817016601562500000e+00
1.671752929687500000e+01 2.127586936950683594e+01 1.946057891845703125e+01 1.815290451049804688e+00
1.673793601989746094e+01 2.126485252380371094e+01 1.945115470886230469e+01 1.813698053359985352e+00
1.675834465026855469e+01 2.123972511291503906e+01 1.942746925354003906e+01 1.812257289886474609e+00
1.677875518798828125e+01 2.123094940185546875e+01 1.941810226440429688e+01 1.812844276428222656e+00
1.679916191101074219e+01 2.120553970336914062e+01 1.939451408386230469e+01 1.811024308204650879e+00
1.681957244873046875e+01 2.119497871398925781e+01 1.938521194458007812e+01 1.809766411781311035e+00
1.683997917175292969e+01 2.115513038635253906e+01 1.934750366210937500e+01 1.807626485824584961e+00
1.686038970947265625e+01 2.114457511901855469e+01 1.933828163146972656e+01 1.806295633316040039e+00
1.688079643249511719e+01 2.114891242980957031e+01 1.934326553344726562e+01 1.805642247200012207e+00
1.690120697021484375e+01 2.112366676330566406e+01 1.931990623474121094e+01 1.803758502006530762e+00
1.692161369323730469e+01 2.111362266540527344e+01 1.931075668334960938e+01 1.802863597869873047e+00
1.694202423095703125e+01 2.108819198608398438e+01 1.928749275207519531e+01 1.800698399543762207e+00
1.696243286132812500e+01 2.106460571289062500e+01 1.926428604125976562e+01 1.800316333770751953e+00
1.698283958435058594e+01 2.106788444519042969e+01 1.926932907104492188e+01 1.798559784889221191e+00
1.700325012207031250e+01 2.104266929626464844e+01 1.924619865417480469e+01 1.796470999717712402e+00
1.702365684509277344e+01 2.101916313171386719e+01 1.922312736511230469e+01 1.796034574508666992e+00
1.704406738281250000e+01 2.099439811706542969e+01 1.920010757446289062e+01 1.794294595718383789e+00
1.706447410583496094e+01 2.099879646301269531e+01 1.920520401000976562e+01 1.793592572212219238e+00
1.708488464355468750e+01 2.097413635253906250e+01 1.918226051330566406e+01 1.791881442070007324e+00
1.710529327392578125e+01 2.094962310791015625e+01 1.915937423706054688e+01 1.790248394012451172e+00
1.712570381164550781e+01 2.095320510864257812e+01 1.916449928283691406e+01 1.788707256317138672e+00
1.714611053466796875e+01 2.092842483520507812e+01 1.914168930053710938e+01 1.786735534667968750e+00
1.716652107238769531e+01 2.090425491333007812e+01 1.911893081665039062e+01 1.785319447517395020e+00
1.718692779541015625e+01 2.090797805786132812e+01 1.912408638000488281e+01 1.783888220787048340e+00
1.720733833312988281e+01 2.088393402099609375e+01 1.910140228271484375e+01 1.782531738281250000e+00
1.722774505615234375e+01 2.086041831970214844e+01 1.907877540588378906e+01 1.781643748283386230e+00
1.724815368652343750e+01 2.084965705871582031e+01 1.907008171081542969e+01 1.779575467109680176e+00
1.726856231689453125e+01 2.083984184265136719e+01 1.906140518188476562e+01 1.778437733650207520e+00
1.728897094726562500e+01 2.081273460388183594e+01 1.903890419006347656e+01 1.773832798004150391e+00
1.730938148498535156e+01 2.080573654174804688e+01 1.903028488159179688e+01 1.775455236434936523e+00
1.732978820800781250e+01 2.079464340209960938e+01 1.902169036865234375e+01 1.772955179214477539e+00
1.735019874572753906e+01 2.077177429199218750e+01 1.899931335449218750e+01 1.772456645965576172e+00
1.737060546875000000e+01 2.074768447875976562e+01 1.897699356079101562e+01 1.770689845085144043e+00
1.739101600646972656e+01 2.073694038391113281e+01 1.896848678588867188e+01 1.768455743789672852e+00
1.741142272949218750e+01 2.072740364074707031e+01 1.896000099182128906e+01 1.767401456832885742e+00
1.743183326721191406e+01 2.070333099365234375e+01 1.893780136108398438e+01 1.765529513359069824e+00
1.745224189758300781e+01 2.069329833984375000e+01 1.892937469482421875e+01 1.763921976089477539e+00
1.747264862060546875e+01 2.067015266418457031e+01 1.890726661682128906e+01 1.762882590293884277e+00
1.749305915832519531e+01 2.066112136840820312e+01 1.889889144897460938e+01 1.762231230735778809e+00
1.751346588134765625e+01 2.065015602111816406e+01 1.889053916931152344e+01 1.759617805480957031e+00
1.753387641906738281e+01 2.062661170959472656e+01 1.886854934692382812e+01 1.758060574531555176e+00
1.755428314208984375e+01 2.060423660278320312e+01 1.884661293029785156e+01 1.757621288299560547e+00
1.757469367980957031e+01 2.060822486877441406e+01 1.885196876525878906e+01 1.756252288818359375e+00
1.759510231018066406e+01 2.058470726013183594e+01 1.883010292053222656e+01 1.754604697227478027e+00
1.761551284790039062e+01 2.056125831604003906e+01 1.880828475952148438e+01 1.752971053123474121e+00
1.763591957092285156e+01 2.056557655334472656e+01 1.881367111206054688e+01 1.751906633377075195e+00
1.765633010864257812e+01 2.054176330566406250e+01 1.879192352294921875e+01 1.749836921691894531e+00
1.767673683166503906e+01 2.051901054382324219e+01 1.877022933959960938e+01 1.748779535293579102e+00
1.769714355468750000e+01 2.050924682617187500e+01 1.876210975646972656e+01 1.747138142585754395e+00
1.771755409240722656e+01 2.048730659484863281e+01 1.874049568176269531e+01 1.746804594993591309e+00
1.773796081542968750e+01 2.047723579406738281e+01 1.873243141174316406e+01 1.744806051254272461e+00
1.775837135314941406e+01 2.046834182739257812e+01 1.872438240051269531e+01 1.743958950042724609e+00
1.777877998352050781e+01 2.044493675231933594e+01 1.870289039611816406e+01 1.742045283317565918e+00
1.779919052124023438e+01 2.043565559387207031e+01 1.869489288330078125e+01 1.740762948989868164e+00
1.781959724426269531e+01 2.041284370422363281e+01 1.867348289489746094e+01 1.739356160163879395e+00
1.784000778198242188e+01 2.040371322631835938e+01 1.866553878784179688e+01 1.738171339035034180e+00
1.786041450500488281e+01 2.039488601684570312e+01 1.865761184692382812e+01 1.737272858619689941e+00
1.788082504272460938e+01 2.037269973754882812e+01 1.863631629943847656e+01 1.736385583877563477e+00
1.790123176574707031e+01 2.036321067810058594e+01 1.862844467163085938e+01 1.734767317771911621e+00
1.792164039611816406e+01 2.034014320373535156e+01 1.860723304748535156e+01 1.732908964157104492e+00
1.794205093383789062e+01 2.033162498474121094e+01 1.859940719604492188e+01 1.732216238975524902e+00
1.796245765686035156e+01 2.032242012023925781e+01 1.859160423278808594e+01 1.730817675590515137e+00
1.798286819458007812e+01 2.030037498474121094e+01 1.857050323486328125e+01 1.729872584342956543e+00
1.800327491760253906e+01 2.029168510437011719e+01 1.856274986267089844e+01 1.728936672210693359e+00
1.802368545532226562e+01 2.028177070617675781e+01 1.855500984191894531e+01 1.726757884025573730e+00
1.804409217834472656e+01 2.025974655151367188e+01 1.853402519226074219e+01 1.725721597671508789e+00
1.806450271606445312e+01 2.025075340270996094e+01 1.852633476257324219e+01 1.724420309066772461e+00
1.808491134643554688e+01 2.024177169799804688e+01 1.851866912841796875e+01 1.723105192184448242e+00
1.810531997680664062e+01 2.021912193298339844e+01 1.849779319763183594e+01 1.721330046653747559e+00
1.812572860717773438e+01 2.021045684814453125e+01 1.849017333984375000e+01 1.720280766487121582e+00
1.814613533020019531e+01 2.020059394836425781e+01 1.848257064819335938e+01 1.718026757240295410e+00
1.816654586791992188e+01 2.017894172668457031e+01 1.846180534362792969e+01 1.717138528823852539e+00
1.818695259094238281e+01 2.017041969299316406e+01 1.845425033569335938e+01 1.716170668601989746e+00
1.820736312866210938e+01 2.016152572631835938e+01 1.844671249389648438e+01 1.714811921119689941e+00
1.822776985168457031e+01 2.013731384277343750e+01 1.842606163024902344e+01 1.711249947547912598e+00
1.824818038940429688e+01 2.013064193725585938e+01 1.841857147216796875e+01 1.712068200111389160e+00
1.826858901977539062e+01 2.012197494506835938e+01 1.841110038757324219e+01 1.710877180099487305e+00
1.828899955749511719e+01 2.009961700439453125e+01 1.839055442810058594e+01 1.709063529968261719e+00
1.830940628051757812e+01 2.007716178894042969e+01 1.837005615234375000e+01 1.707105517387390137e+00
1.832981681823730469e+01 2.008138275146484375e+01 1.837571907043457031e+01 1.705661773681640625e+00
1.835022354125976562e+01 2.005985260009765625e+01 1.835528373718261719e+01 1.704567790031433105e+00
1.837063026428222656e+01 2.003783416748046875e+01 1.833489418029785156e+01 1.702940464019775391e+00
1.839104080200195312e+01 2.004181098937988281e+01 1.834057998657226562e+01 1.701229214668273926e+00
1.841144943237304688e+01 2.002028083801269531e+01 1.832025337219238281e+01 1.700024604797363281e+00
1.843185997009277344e+01 1.999832534790039062e+01 1.829996681213378906e+01 1.698358893394470215e+00
1.845226669311523438e+01 1.999031448364257812e+01 1.829269981384277344e+01 1.697616457939147949e+00
1.847267723083496094e+01 1.998117446899414062e+01 1.828544807434082031e+01 1.695723891258239746e+00
1.849308395385742188e+01 1.995912742614746094e+01 1.826526832580566406e+01 1.693860173225402832e+00
1.851349449157714844e+01 1.995066642761230469e+01 1.825806236267089844e+01 1.692604899406433105e+00
1.853390121459960938e+01 1.994218826293945312e+01 1.825087547302246094e+01 1.691311359405517578e+00
1.855431175231933594e+01 1.992051506042480469e+01 1.823079872131347656e+01 1.689715862274169922e+00
1.857471847534179688e+01 1.991149520874023438e+01 1.822365951538085938e+01 1.687836289405822754e+00
1.859512901306152344e+01 1.990304756164550781e+01 1.821652984619140625e+01 1.686517357826232910e+00
1.861553764343261719e+01 1.986992835998535156e+01 1.818370056152343750e+01 1.686228752136230469e+00
1.863594436645507812e+01 1.987440681457519531e+01 1.818947792053222656e+01 1.684928894042968750e+00
1.865635490417480469e+01 1.985258102416992188e+01 1.816957855224609375e+01 1.683002591133117676e+00
1.867676162719726562e+01 1.984412956237792969e+01 1.816254425048828125e+01 1.681584715843200684e+00
1.869717216491699219e+01 1.983494949340820312e+01 1.815551948547363281e+01 1.679429531097412109e+00
1.871757888793945312e+01 1.981436538696289062e+01 1.813572692871093750e+01 1.678640961647033691e+00
1.873798942565917969e+01 1.979386901855468750e+01 1.811597251892089844e+01 1.677902102470397949e+00
1.875839805603027344e+01 1.979877090454101562e+01 1.812178611755371094e+01 1.676985025405883789e+00
1.877880859375000000e+01 1.977755355834960938e+01 1.810208892822265625e+01 1.675463199615478516e+00
1.879921531677246094e+01 1.975711631774902344e+01 1.808243751525878906e+01 1.674682617187500000e+00
1.881962585449218750e+01 1.974914550781250000e+01 1.807554817199707031e+01 1.673601031303405762e+00
1.884003257751464844e+01 1.972825241088867188e+01 1.805597114562988281e+01 1.672279119491577148e+00
1.886043930053710938e+01 1.972044944763183594e+01 1.804912757873535156e+01 1.671321749687194824e+00
1.888084983825683594e+01 1.971290969848632812e+01 1.804229354858398438e+01 1.670618057250976562e+00
1.890125846862792969e+01 1.969296836853027344e+01 1.802281379699707031e+01 1.670158386230468750e+00
1.892166900634765625e+01 1.967176818847656250e+01 1.800337219238281250e+01 1.668401360511779785e+00
1.894207572937011719e+01 1.967735481262207031e+01 1.800925254821777344e+01 1.668104052543640137e+00
1.896248626708984375e+01 1.965789413452148438e+01 1.798986816406250000e+01 1.668023943901062012e+00
1.898289299011230469e+01 1.965106201171875000e+01 1.798313903808593750e+01 1.667925119400024414e+00
1.900330352783203125e+01 1.964376449584960938e+01 1.797642326354980469e+01 1.667339920997619629e+00
1.902371025085449219e+01 1.962538337707519531e+01 1.795713996887207031e+01 1.668248414993286133e+00
1.904412078857421875e+01 1.961983489990234375e+01 1.795046424865722656e+01 1.669374465942382812e+00
1.906452751159667969e+01 1.961452865600585938e+01 1.794380569458007812e+01 1.670724749565124512e+00
1.908493614196777344e+01 1.961091804504394531e+01 1.793716049194335938e+01 1.673758745193481445e+00
1.910534667968750000e+01 1.959578132629394531e+01 1.791799736022949219e+01 1.677783966064453125e+00
1.912575340270996094e+01 1.960719108581542969e+01 1.792391586303710938e+01 1.683276176452636719e+00
1.914616394042968750e+01 1.960726547241210938e+01 1.791731071472167969e+01 1.689954400062561035e+00
1.916657066345214844e+01 1.960472297668457031e+01 1.791072463989257812e+01 1.693997740745544434e+00
1.918698120117187500e+01 1.959129333496093750e+01 1.789167213439941406e+01 1.699626564979553223e+00
1.920738792419433594e+01 1.957247161865234375e+01 1.787266159057617188e+01 1.699811816215515137e+00
1.922779846191406250e+01 1.956241226196289062e+01 1.786613845825195312e+01 1.696276187896728516e+00
1.924820709228515625e+01 1.953803825378417969e+01 1.784719657897949219e+01 1.690839171409606934e+00
1.926861763000488281e+01 1.951248931884765625e+01 1.782829093933105469e+01 1.684199571609497070e+00
1.928902435302734375e+01 1.948729324340820312e+01 1.780943107604980469e+01 1.677862644195556641e+00
1.930943107604980469e+01 1.947665786743164062e+01 1.780300712585449219e+01 1.673651456832885742e+00
1.932984161376953125e+01 1.945511817932128906e+01 1.778420829772949219e+01 1.670906901359558105e+00
1.935024833679199219e+01 1.943553543090820312e+01 1.776545143127441406e+01 1.670084238052368164e+00
1.937065887451171875e+01 1.941544532775878906e+01 1.774673271179199219e+01 1.668713450431823730e+00
1.939106750488281250e+01 1.939526176452636719e+01 1.772805595397949219e+01 1.667204260826110840e+00
1.941147613525390625e+01 1.939888191223144531e+01 1.773408126831054688e+01 1.664801478385925293e+00
1.943188476562500000e+01 1.938887023925781250e+01 1.772777748107910156e+01 1.661097884178161621e+00
1.945229530334472656e+01 1.937872695922851562e+01 1.772148323059082031e+01 1.657244205474853516e+00
1.947270202636718750e+01 1.936777496337890625e+01 1.771520423889160156e+01 1.652572631835937500e+00
1.949311256408691406e+01 1.933237075805664062e+01 1.768437576293945312e+01 1.647993803024291992e+00
1.951351928710937500e+01 1.931942749023437500e+01 1.767814826965332031e+01 1.641278386116027832e+00
1.953392601013183594e+01 1.931711959838867188e+01 1.768418884277343750e+01 1.632929444313049316e+00
1.955433654785156250e+01 1.930550193786621094e+01 1.767797279357910156e+01 1.627528309822082520e+00
1.957474517822265625e+01 1.928311729431152344e+01 1.765954399108886719e+01 1.623574972152709961e+00
1.959515571594238281e+01 1.928676414489746094e+01 1.766558456420898438e+01 1.621181488037109375e+00
1.961556243896484375e+01 1.925493240356445312e+01 1.763500213623046875e+01 1.619925141334533691e+00
1.963597297668457031e+01 1.923595619201660156e+01 1.761667251586914062e+01 1.619278430938720703e+00
1.965637969970703125e+01 1.922940254211425781e+01 1.761055946350097656e+01 1.618846058845520020e+00
1.967679023742675781e+01 1.921234893798828125e+01 1.759229278564453125e+01 1.620056271553039551e+00
1.969719696044921875e+01 1.919484710693359375e+01 1.757406616210937500e+01 1.620778679847717285e+00
1.971760749816894531e+01 1.918891716003417969e+01 1.756801414489746094e+01 1.620903968811035156e+00
1.973801612854003906e+01 1.918274497985839844e+01 1.756197929382324219e+01 1.620766997337341309e+00
1.975842666625976562e+01 1.917605400085449219e+01 1.755595397949218750e+01 1.620100259780883789e+00
1.977883338928222656e+01 1.918153190612792969e+01 1.756204795837402344e+01 1.619486927986145020e+00
1.979924011230468750e+01 1.916403388977050781e+01 1.754394531250000000e+01 1.620090484619140625e+00
1.981965065002441406e+01 1.914496231079101562e+01 1.752587890625000000e+01 1.619084954261779785e+00
1.984005737304687500e+01 1.913754463195800781e+01 1.751991844177246094e+01 1.617618441581726074e+00
1.986046791076660156e+01 1.911713790893554688e+01 1.750191307067871094e+01 1.615224480628967285e+00
1.988087463378906250e+01 1.912005233764648438e+01 1.750802993774414062e+01 1.612023115158081055e+00
1.990128517150878906e+01 1.909921073913574219e+01 1.749007415771484375e+01 1.609137058258056641e+00
1.992169380187988281e+01 1.909140014648437500e+01 1.748417472839355469e+01 1.607221603393554688e+00
1.994210433959960938e+01 1.908288002014160156e+01 1.747828483581542969e+01 1.604600310325622559e+00
1.996251106262207031e+01 1.906410217285156250e+01 1.746041488647460938e+01 1.603692293167114258e+00
1.998292160034179688e+01 1.903365898132324219e+01 1.743060302734375000e+01 1.603054285049438477e+00
2.000332832336425781e+01 1.902506065368652344e+01 1.742478561401367188e+01 1.600276350975036621e+00
2.002373504638671875e+01 1.903007507324218750e+01 1.743093872070312500e+01 1.599136233329772949e+00
2.004414558410644531e+01 1.903518676757812500e+01 1.743707847595214844e+01 1.598108172416687012e+00
2.006455421447753906e+01 1.903969573974609375e+01 1.744320487976074219e+01 1.596489906311035156e+00
2.008496475219726562e+01 1.903340721130371094e+01 1.743739891052246094e+01 1.596008419990539551e+00
2.010537147521972656e+01 1.902530860900878906e+01 1.743160438537597656e+01 1.593703627586364746e+00
2.012578201293945312e+01 1.901718139648437500e+01 1.742582321166992188e+01 1.591359019279479980e+00
2.014618873596191406e+01 1.900824737548828125e+01 1.742005157470703125e+01 1.588194131851196289e+00
2.016659927368164062e+01 1.898749160766601562e+01 1.740242195129394531e+01 1.585072517395019531e+00
2.018700599670410156e+01 1.897982025146484375e+01 1.739668846130371094e+01 1.583127617835998535e+00
2.020741653442382812e+01 1.896043205261230469e+01 1.737911796569824219e+01 1.581312775611877441e+00
2.022782516479492188e+01 1.894080543518066406e+01 1.736158561706542969e+01 1.579221367835998535e+00
2.024823188781738281e+01 1.891015052795410156e+01 1.733226203918457031e+01 1.577889800071716309e+00
2.026864242553710938e+01 1.889120292663574219e+01 1.731480979919433594e+01 1.576394557952880859e+00
2.028904914855957031e+01 1.887358093261718750e+01 1.729739379882812500e+01 1.576183080673217773e+00
2.030945968627929688e+01 1.885629844665527344e+01 1.728001022338867188e+01 1.576290845870971680e+00
2.032986640930175781e+01 1.883912849426269531e+01 1.726266479492187500e+01 1.576462864875793457e+00
2.035027694702148438e+01 1.883410263061523438e+01 1.725711441040039062e+01 1.576986193656921387e+00
2.037068367004394531e+01 1.880451011657714844e+01 1.722807502746582031e+01 1.576434254646301270e+00
2.039109420776367188e+01 1.878581237792968750e+01 1.721083068847656250e+01 1.574983239173889160e+00
2.041150283813476562e+01 1.877981185913085938e+01 1.720535278320312500e+01 1.574457645416259766e+00
2.043191337585449219e+01 1.876235198974609375e+01 1.718816566467285156e+01 1.574185848236083984e+00
2.045232009887695312e+01 1.875622367858886719e+01 1.718271827697753906e+01 1.573508024215698242e+00
2.047272682189941406e+01 1.876168060302734375e+01 1.718897628784179688e+01 1.572705030441284180e+00
2.049313735961914062e+01 1.875423431396484375e+01 1.718353843688964844e+01 1.570698022842407227e+00
2.051354408264160156e+01 1.873586082458496094e+01 1.716644477844238281e+01 1.569416284561157227e+00
2.053395462036132812e+01 1.873025512695312500e+01 1.716104125976562500e+01 1.569211721420288086e+00
2.055436325073242188e+01 1.871450042724609375e+01 1.714400100708007812e+01 1.570499300956726074e+00
2.057477378845214844e+01 1.871969413757324219e+01 1.715026473999023438e+01 1.569428920745849609e+00
2.059518051147460938e+01 1.869882774353027344e+01 1.713327026367187500e+01 1.565552949905395508e+00
2.061559104919433594e+01 1.869223785400390625e+01 1.712792205810546875e+01 1.564314126968383789e+00
2.063599777221679688e+01 1.868638420104980469e+01 1.712258338928222656e+01 1.563797354698181152e+00
2.065640830993652344e+01 1.867018890380859375e+01 1.710566520690917969e+01 1.564526081085205078e+00
2.067681503295898438e+01 1.866709327697753906e+01 1.710035896301269531e+01 1.566733002662658691e+00
2.069722366333007812e+01 1.866407775878906250e+01 1.709506607055664062e+01 1.569012403488159180e+00
2.071763229370117188e+01 1.865396881103515625e+01 1.708977890014648438e+01 1.564186811447143555e+00
2.073804092407226562e+01 1.864169120788574219e+01 1.708450508117675781e+01 1.557186126708984375e+00
2.075845146179199219e+01 1.864270401000976562e+01 1.709077072143554688e+01 1.551935672760009766e+00
2.077885818481445312e+01 1.862324905395507812e+01 1.707398605346679688e+01 1.549261689186096191e+00
2.079926872253417969e+01 1.861838912963867188e+01 1.706874084472656250e+01 1.549648404121398926e+00
2.081967544555664062e+01 1.860184288024902344e+01 1.705201148986816406e+01 1.549829959869384766e+00
2.084008598327636719e+01 1.859694290161132812e+01 1.704679679870605469e+01 1.550148606300354004e+00
2.086049270629882812e+01 1.859071922302246094e+01 1.704159545898437500e+01 1.549122929573059082e+00
2.088090324401855469e+01 1.855940437316894531e+01 1.701347351074218750e+01 1.545935153961181641e+00
2.090131187438964844e+01 1.853612899780273438e+01 1.699686050415039062e+01 1.539267420768737793e+00
2.092171859741210938e+01 1.850302505493164062e+01 1.696884155273437500e+01 1.534180283546447754e+00
2.094212913513183594e+01 1.848305320739746094e+01 1.695230293273925781e+01 1.530748128890991211e+00
2.096253585815429688e+01 1.846364974975585938e+01 1.693580055236816406e+01 1.527850151062011719e+00
2.098294639587402344e+01 1.845669174194335938e+01 1.693073463439941406e+01 1.525962114334106445e+00
2.100335311889648438e+01 1.845042800903320312e+01 1.692568397521972656e+01 1.524745106697082520e+00
2.102376365661621094e+01 1.844371223449707031e+01 1.692063713073730469e+01 1.523075461387634277e+00
2.104417228698730469e+01 1.844909477233886719e+01 1.692698097229003906e+01 1.522118330001831055e+00
2.106458282470703125e+01 1.844343757629394531e+01 1.692194366455078125e+01 1.521497964859008789e+00
2.108498954772949219e+01 1.843819046020507812e+01 1.691691970825195312e+01 1.521276950836181641e+00
2.110540008544921875e+01 1.842258453369140625e+01 1.690055847167968750e+01 1.522029757499694824e+00
2.112580680847167969e+01 1.840725135803222656e+01 1.688423347473144531e+01 1.523023247718811035e+00
2.114621734619140625e+01 1.840620994567871094e+01 1.687925910949707031e+01 1.526951074600219727e+00
2.116662406921386719e+01 1.839383506774902344e+01 1.686298561096191406e+01 1.530846595764160156e+00
2.118703079223632812e+01 1.837844085693359375e+01 1.684674263000488281e+01 1.531696081161499023e+00
2.120744132995605469e+01 1.837092781066894531e+01 1.684181594848632812e+01 1.529115080833435059e+00
2.122784996032714844e+01 1.836275482177734375e+01 1.683690261840820312e+01 1.525853872299194336e+00
2.124826049804687500e+01 1.834317016601562500e+01 1.682073020935058594e+01 1.522442460060119629e+00
2.126866722106933594e+01 1.833614540100097656e+01 1.681584548950195312e+01 1.520299792289733887e+00
2.128907775878906250e+01 1.833056831359863281e+01 1.681097030639648438e+01 1.519594788551330566e+00
2.130948448181152344e+01 1.832474517822265625e+01 1.680610275268554688e+01 1.518640160560607910e+00
2.132989501953125000e+01 1.834110260009765625e+01 1.682369041442871094e+01 1.517409563064575195e+00
2.135030174255371094e+01 1.834593200683593750e+01 1.683003807067871094e+01 1.515892505645751953e+00
2.137071228027343750e+01 1.836138153076171875e+01 1.684756851196289062e+01 1.513809442520141602e+00
2.139112091064453125e+01 1.836431503295898438e+01 1.685387802124023438e+01 1.510437011718750000e+00
2.141152763366699219e+01 1.837831878662109375e+01 1.687135696411132812e+01 1.506962537765502930e+00
2.143193817138671875e+01 1.837149810791015625e+01 1.686646080017089844e+01 1.505037903785705566e+00
2.145234489440917969e+01 1.833439445495605469e+01 1.682809638977050781e+01 1.506295323371887207e+00
2.147275543212890625e+01 1.829668235778808594e+01 1.678980255126953125e+01 1.506879806518554688e+00
2.149316215515136719e+01 1.826993560791015625e+01 1.676272201538085938e+01 1.507214903831481934e+00
2.151357269287109375e+01 1.825397491455078125e+01 1.674681854248046875e+01 1.507156372070312500e+00
2.153398132324218750e+01 1.824839210510253906e+01 1.674206733703613281e+01 1.506324768066406250e+00
2.155438995361328125e+01 1.825528717041015625e+01 1.674842643737792969e+01 1.506859660148620605e+00
2.157479858398437500e+01 1.828254127502441406e+01 1.677696609497070312e+01 1.505570292472839355e+00
2.159520912170410156e+01 1.832149314880371094e+01 1.681653785705566406e+01 1.504955530166625977e+00
2.161561584472656250e+01 1.830353164672851562e+01 1.680066108703613281e+01 1.502870917320251465e+00
2.163602256774902344e+01 1.817010498046875000e+01 1.667416954040527344e+01 1.495937347412109375e+00
2.165643310546875000e+01 1.805962944030761719e+01 1.657002067565917969e+01 1.489609360694885254e+00
2.167683982849121094e+01 1.803952789306640625e+01 1.655442237854003906e+01 1.485098123550415039e+00
2.169725036621093750e+01 1.812333679199218750e+01 1.663815116882324219e+01 1.485184669494628906e+00
2.171765899658203125e+01 1.816126632690429688e+01 1.667762947082519531e+01 1.483641266822814941e+00
2.173806953430175781e+01 1.812195396423339844e+01 1.663994598388671875e+01 1.482006788253784180e+00
2.175847625732421875e+01 1.811451721191406250e+01 1.663533973693847656e+01 1.479174733161926270e+00
2.177888679504394531e+01 1.807213783264160156e+01 1.659776878356933594e+01 1.474372386932373047e+00
2.179929351806640625e+01 1.803082466125488281e+01 1.656026649475097656e+01 1.470556378364562988e+00
2.181970405578613281e+01 1.801195526123046875e+01 1.654477500915527344e+01 1.467177867889404297e+00
2.184011077880859375e+01 1.798275566101074219e+01 1.651835632324218750e+01 1.464400649070739746e+00
2.186051940917968750e+01 1.794319152832031250e+01 1.648103332519531250e+01 1.462164759635925293e+00
2.188092994689941406e+01 1.793778038024902344e+01 1.647660064697265625e+01 1.461180210113525391e+00
2.190133666992187500e+01 1.793258857727050781e+01 1.647217750549316406e+01 1.460407972335815430e+00
2.192174720764160156e+01 1.792905235290527344e+01 1.646776199340820312e+01 1.461288690567016602e+00
2.194215393066406250e+01 1.793707847595214844e+01 1.647426605224609375e+01 1.462811231613159180e+00
2.196256446838378906e+01 1.792180824279785156e+01 1.645895767211914062e+01 1.462850689888000488e+00
2.198297119140625000e+01 1.789545822143554688e+01 1.643278884887695312e+01 1.462667346000671387e+00
2.200338172912597656e+01 1.788047981262207031e+01 1.641754341125488281e+01 1.462937951087951660e+00
2.202378845214843750e+01 1.784434890747070312e+01 1.638059234619140625e+01 1.463762164115905762e+00
2.204419898986816406e+01 1.784008026123046875e+01 1.637628746032714844e+01 1.463792204856872559e+00
2.206460762023925781e+01 1.783298683166503906e+01 1.637198829650878906e+01 1.460997223854064941e+00
2.208501434326171875e+01 1.781525611877441406e+01 1.635685920715332031e+01 1.458396196365356445e+00
2.210542488098144531e+01 1.779865646362304688e+01 1.634175682067871094e+01 1.456897377967834473e+00
2.212583160400390625e+01 1.778350257873535156e+01 1.632668685913085938e+01 1.456814289093017578e+00
2.214624214172363281e+01 1.776785850524902344e+01 1.631163787841796875e+01 1.456215977668762207e+00
2.216664886474609375e+01 1.776144027709960938e+01 1.630742263793945312e+01 1.454017996788024902e+00
2.218705940246582031e+01 1.774468231201171875e+01 1.629242134094238281e+01 1.452260613441467285e+00
2.220746803283691406e+01 1.772903251647949219e+01 1.627744865417480469e+01 1.451581835746765137e+00
2.222787857055664062e+01 1.770028686523437500e+01 1.625173187255859375e+01 1.448559999465942383e+00
2.224828529357910156e+01 1.770595932006835938e+01 1.625834465026855469e+01 1.447618246078491211e+00
2.226869583129882812e+01 1.770044326782226562e+01 1.625419235229492188e+01 1.446251630783081055e+00
2.228910255432128906e+01 1.767323112487792969e+01 1.622856903076171875e+01 1.444663166999816895e+00
2.230951309204101562e+01 1.766845130920410156e+01 1.622445487976074219e+01 1.443995356559753418e+00
2.232991981506347656e+01 1.766294670104980469e+01 1.622034835815429688e+01 1.442597389221191406e+00
2.235032844543457031e+01 1.764678001403808594e+01 1.620553779602050781e+01 1.441243410110473633e+00
2.237073898315429688e+01 1.764297866821289062e+01 1.620145416259765625e+01 1.441524863243103027e+00
2.239114570617675781e+01 1.763124275207519531e+01 1.618668746948242188e+01 1.444554209709167480e+00
2.241155624389648438e+01 1.763859176635742188e+01 1.619330978393554688e+01 1.445282220840454102e+00
2.243196296691894531e+01 1.764637565612792969e+01 1.619991874694824219e+01 1.446453809738159180e+00
2.245237350463867188e+01 1.763223457336425781e+01 1.618519401550292969e+01 1.447033643722534180e+00
2.247278022766113281e+01 1.761892890930175781e+01 1.617049598693847656e+01 1.448431015014648438e+00
2.249319076538085938e+01 1.762686920166015625e+01 1.617710876464843750e+01 1.449760079383850098e+00
2.251359748840332031e+01 1.762184333801269531e+01 1.617307853698730469e+01 1.448766231536865234e+00
2.253400802612304688e+01 1.761768531799316406e+01 1.616905212402343750e+01 1.448631405830383301e+00
2.255441665649414062e+01 1.760503387451171875e+01 1.615442276000976562e+01 1.450612187385559082e+00
2.257482337951660156e+01 1.760290908813476562e+01 1.615042495727539062e+01 1.452489256858825684e+00
2.259523391723632812e+01 1.761198616027832031e+01 1.616762161254882812e+01 1.444363474845886230e+00
2.261564064025878906e+01 1.759325408935546875e+01 1.615303230285644531e+01 1.440221786499023438e+00
2.263605117797851562e+01 1.757071495056152344e+01 1.612788963317871094e+01 1.442822575569152832e+00
2.265645790100097656e+01 1.758322906494140625e+01 1.614506149291992188e+01 1.438166499137878418e+00
2.267686843872070312e+01 1.758630180358886719e+01 1.615164375305175781e+01 1.434657454490661621e+00
2.269727706909179688e+01 1.754562950134277344e+01 1.611602783203125000e+01 1.429599642753601074e+00
2.271768760681152344e+01 1.752707862854003906e+01 1.610154914855957031e+01 1.425531506538391113e+00
2.273809432983398438e+01 1.748574829101562500e+01 1.605551338195800781e+01 1.430235624313354492e+00
2.275850486755371094e+01 1.748032188415527344e+01 1.605163192749023438e+01 1.428690314292907715e+00
2.277891159057617188e+01 1.747150802612304688e+01 1.603725242614746094e+01 1.434255599975585938e+00
2.279931831359863281e+01 1.744998550415039062e+01 1.601239585876464844e+01 1.437593340873718262e+00
2.281972885131835938e+01 1.748234748840332031e+01 1.605052947998046875e+01 1.431817770004272461e+00
2.284013748168945312e+01 1.748578071594238281e+01 1.605714988708496094e+01 1.428627848625183105e+00
2.286054801940917969e+01 1.747861862182617188e+01 1.605328559875488281e+01 1.425333857536315918e+00
2.288095474243164062e+01 1.749392318725585938e+01 1.607035636901855469e+01 1.423567891120910645e+00
2.290136528015136719e+01 1.746805763244628906e+01 1.604557800292968750e+01 1.422477245330810547e+00
2.292177200317382812e+01 1.750609016418457031e+01 1.608351325988769531e+01 1.422579288482666016e+00
2.294218254089355469e+01 1.751845359802246094e+01 1.610050964355468750e+01 1.417946934700012207e+00
2.296258926391601562e+01 1.749758911132812500e+01 1.608620071411132812e+01 1.411387920379638672e+00
2.298299980163574219e+01 1.747891235351562500e+01 1.606149864196777344e+01 1.417413353919982910e+00
2.300340652465820312e+01 1.741916084289550781e+01 1.600562286376953125e+01 1.413533568382263184e+00
2.302381515502929688e+01 1.738203811645507812e+01 1.597064208984375000e+01 1.411398410797119141e+00
2.304422569274902344e+01 1.735198211669921875e+01 1.594610595703125000e+01 1.405876040458679199e+00
2.306463241577148438e+01 1.733542633056640625e+01 1.593199825286865234e+01 1.403426647186279297e+00
2.308504295349121094e+01 1.733072090148925781e+01 1.592828273773193359e+01 1.402437567710876465e+00
2.310544967651367188e+01 1.728599166870117188e+01 1.588313102722167969e+01 1.402858614921569824e+00
2.312586021423339844e+01 1.725975990295410156e+01 1.585876178741455078e+01 1.400998711585998535e+00
2.314626693725585938e+01 1.723419952392578125e+01 1.583443546295166016e+01 1.399766206741333008e+00
2.316667747497558594e+01 1.720912742614746094e+01 1.581015300750732422e+01 1.398972034454345703e+00
2.318708610534667969e+01 1.720551681518554688e+01 1.580656051635742188e+01 1.398954868316650391e+00
2.320749664306640625e+01 1.720948410034179688e+01 1.581329154968261719e+01 1.396191477775573730e+00
2.322790336608886719e+01 1.720535087585449219e+01 1.580970573425292969e+01 1.395645380020141602e+00
2.324831008911132812e+01 1.720292091369628906e+01 1.580612373352050781e+01 1.396798014640808105e+00
2.326872062683105469e+01 1.718763542175292969e+01 1.579225921630859375e+01 1.395377278327941895e+00
2.328912734985351562e+01 1.715266036987304688e+01 1.575786209106445312e+01 1.394798159599304199e+00
2.330953788757324219e+01 1.714636039733886719e+01 1.575433540344238281e+01 1.392026901245117188e+00
2.332994651794433594e+01 1.712460517883300781e+01 1.573029232025146484e+01 1.394311070442199707e+00
2.335035514831542969e+01 1.713113403320312500e+01 1.573704910278320312e+01 1.394078016281127930e+00
2.337076377868652344e+01 1.712443923950195312e+01 1.573355102539062500e+01 1.390886783599853516e+00
2.339117431640625000e+01 1.709991455078125000e+01 1.570958709716796875e+01 1.390327453613281250e+00
2.341158103942871094e+01 1.709715461730957031e+01 1.570611953735351562e+01 1.391037583351135254e+00
2.343199157714843750e+01 1.706928825378417969e+01 1.568222141265869141e+01 1.387063384056091309e+00
2.345239830017089844e+01 1.705761337280273438e+01 1.566857433319091797e+01 1.389039754867553711e+00
2.347280502319335938e+01 1.707400703430175781e+01 1.568554878234863281e+01 1.388457179069519043e+00
2.349321556091308594e+01 1.707088470458984375e+01 1.568211269378662109e+01 1.388769268989562988e+00
2.351362419128417969e+01 1.705538940429687500e+01 1.566850185394287109e+01 1.386889219284057617e+00
2.353403472900390625e+01 1.703955841064453125e+01 1.565491294860839844e+01 1.384647011756896973e+00
2.355444145202636719e+01 1.701444053649902344e+01 1.563118648529052734e+01 1.383254885673522949e+00
2.357485198974609375e+01 1.701852798461914062e+01 1.563796138763427734e+01 1.380563020706176758e+00
2.359525871276855469e+01 1.701218414306640625e+01 1.563458251953125000e+01 1.377601027488708496e+00
2.361566925048828125e+01 1.699092864990234375e+01 1.561093139648437500e+01 1.379996418952941895e+00
2.363607597351074219e+01 1.700629615783691406e+01 1.562784004211425781e+01 1.378458261489868164e+00
2.365648651123046875e+01 1.699789047241210938e+01 1.562447547912597656e+01 1.373414278030395508e+00
2.367689514160156250e+01 1.699496841430664062e+01 1.562112045288085938e+01 1.373847365379333496e+00
2.369730567932128906e+01 1.698109436035156250e+01 1.560766601562500000e+01 1.373427987098693848e+00
2.371771240234375000e+01 1.696835517883300781e+01 1.559423637390136719e+01 1.374121665954589844e+00
2.373811912536621094e+01 1.694615554809570312e+01 1.557074546813964844e+01 1.375409483909606934e+00
2.375852966308593750e+01 1.693894577026367188e+01 1.555736923217773438e+01 1.381577730178833008e+00
2.377893638610839844e+01 1.692914581298828125e+01 1.555408573150634766e+01 1.375061035156250000e+00
2.379934692382812500e+01 1.691730690002441406e+01 1.555080223083496094e+01 1.366505503654479980e+00
2.381975364685058594e+01 1.688302421569824219e+01 1.551738262176513672e+01 1.365641236305236816e+00
2.384016418457031250e+01 1.686522483825683594e+01 1.550409698486328125e+01 1.361128568649291992e+00
2.386057281494140625e+01 1.684560585021972656e+01 1.548080253601074219e+01 1.364802122116088867e+00
2.388098335266113281e+01 1.683250617980957031e+01 1.546757125854492188e+01 1.364935636520385742e+00
2.390139007568359375e+01 1.683804512023925781e+01 1.547439670562744141e+01 1.363648176193237305e+00
2.392180061340332031e+01 1.685991287231445312e+01 1.550122261047363281e+01 1.358689546585083008e+00
2.394220733642578125e+01 1.688273048400878906e+01 1.551800537109375000e+01 1.364721536636352539e+00
2.396261405944824219e+01 1.689749145507812500e+01 1.553476142883300781e+01 1.362726569175720215e+00
2.398302459716796875e+01 1.689701652526855469e+01 1.554150581359863281e+01 1.355509757995605469e+00
2.400343322753906250e+01 1.688821029663085938e+01 1.552829170227050781e+01 1.359919786453247070e+00
2.402384376525878906e+01 1.683724212646484375e+01 1.548520374298095703e+01 1.352038383483886719e+00
2.404425048828125000e+01 1.687941932678222656e+01 1.553179931640625000e+01 1.347620248794555664e+00
2.406466102600097656e+01 1.686376380920410156e+01 1.551862525939941406e+01 1.345138549804687500e+00
2.408506774902343750e+01 1.686960983276367188e+01 1.552535533905029297e+01 1.344254732131958008e+00
2.410547828674316406e+01 1.690217208862304688e+01 1.555193519592285156e+01 1.350234866142272949e+00
2.412588500976562500e+01 1.693721389770507812e+01 1.557847118377685547e+01 1.358740329742431641e+00
2.414629554748535156e+01 1.700435638427734375e+01 1.564461517333984375e+01 1.359742283821105957e+00
2.416670417785644531e+01 1.697969818115234375e+01 1.562149906158447266e+01 1.358198761940002441e+00
2.418711090087890625e+01 1.702853775024414062e+01 1.566770172119140625e+01 1.360837101936340332e+00
2.420752143859863281e+01 1.708838272094726562e+01 1.572371673583984375e+01 1.364662289619445801e+00
2.422792816162109375e+01 1.704398918151855469e+01 1.567094898223876953e+01 1.373039484024047852e+00
2.424833869934082031e+01 1.702179718017578125e+01 1.564788818359375000e+01 1.373908519744873047e+00
2.426874542236328125e+01 1.701673698425292969e+01 1.564459323883056641e+01 1.372145056724548340e+00
2.428915596008300781e+01 1.702839088439941406e+01 1.566101360321044922e+01 1.367378473281860352e+00
2.430956268310546875e+01 1.699896621704101562e+01 1.562817096710205078e+01 1.370794415473937988e+00
2.432997322082519531e+01 1.694121551513671875e+01 1.557570266723632812e+01 1.365512490272521973e+00
2.435038185119628906e+01 1.693484115600585938e+01 1.557248115539550781e+01 1.362362861633300781e+00
