# NTRMN  = 70
# NTRANS = 111
-1.196487247943878174e-01 0.000000000000000000e+00 0.000000000000000000e+00 0.000000000000000000e+00
-9.923987835645675659e-02 0.000000000000000000e+00 0.000000000000000000e+00 0.000000000000000000e+00
-7.883103936910629272e-02 0.000000000000000000e+00 0.000000000000000000e+00 0.000000000000000000e+00
-5.842219665646553040e-02 0.000000000000000000e+00 0.000000000000000000e+00 0.000000000000000000e+00
-3.801335394382476807e-02 0.000000000000000000e+00 0.000000000000000000e+00 0.000000000000000000e+00
-1.760451123118400574e-02 0.000000000000000000e+00 0.000000000000000000e+00 0.000000000000000000e+00
2.321236208081245422e-02 0.000000000000000000e+00 0.000000000000000000e+00 0.000000000000000000e+00
4.362120479345321655e-02 0.000000000000000000e+00 0.000000000000000000e+00 0.000000000000000000e+00
6.403004378080368042e-02 0.000000000000000000e+00 0.000000000000000000e+00 0.000000000000000000e+00
1.048477292060852051e-01 0.000000000000000000e+00 0.000000000000000000e+00 0.000000000000000000e+00
1.252557635307312012e-01 0.000000000000000000e+00 0.000000000000000000e+00 0.000000000000000000e+00
1.456646025180816650e-01 0.000000000000000000e+00 0.000000000000000000e+00 0.000000000000000000e+00
1.660734415054321289e-01 0.000000000000000000e+00 0.000000000000000000e+00 0.000000000000000000e+00
2.068911343812942505e-01 0.000000000000000000e+00 0.000000000000000000e+00 0.000000000000000000e+00
2.272991687059402466e-01 0.000000000000000000e+00 0.000000000000000000e+00 0.000000000000000000e+00
2.477080076932907104e-01 0.000000000000000000e+00 0.000000000000000000e+00 0.000000000000000000e+00
2.681168317794799805e-01 0.000000000000000000e+00 0.000000000000000000e+00 0.000000000000000000e+00
2.885257005691528320e-01 0.000000000000000000e+00 0.000000000000000000e+00 0.000000000000000000e+00
3.089345395565032959e-01 0.000000000000000000e+00 0.000000000000000000e+00 0.000000000000000000e+00
3.293433785438537598e-01 0.000000000000000000e+00 0.000000000000000000e+00 0.000000000000000000e+00
3.905690908432006836e-01 0.000000000000000000e+00 0.000000000000000000e+00 0.000000000000000000e+00
4.109779298305511475e-01 0.000000000000000000e+00 0.000000000000000000e+00 0.000000000000000000e+00
4.313867688179016113e-01 0.000000000000000000e+00 0.000000000000000000e+00 0.000000000000000000e+00
4.517956078052520752e-01 0.000000000000000000e+00 0.000000000000000000e+00 0.000000000000000000e+00
4.722036421298980713e-01 0.000000000000000000e+00 0.000000000000000000e+00 0.000000000000000000e+00
4.926124811172485352e-01 0.000000000000000000e+00 0.000000000000000000e+00 0.000000000000000000e+00
5.130213499069213867e-01 0.000000000000000000e+00 0.000000000000000000e+00 0.000000000000000000e+00
5.334301590919494629e-01 0.000000000000000000e+00 0.000000000000000000e+00 0.000000000000000000e+00
5.538390278816223145e-01 0.000000000000000000e+00 0.000000000000000000e+00 0.000000000000000000e+00
5.742470622062683105e-01 0.000000000000000000e+00 0.000000000000000000e+00 0.000000000000000000e+00
5.946558713912963867e-01 0.000000000000000000e+00 0.000000000000000000e+00 0.000000000000000000e+00
6.150647401809692383e-01 0.000000000000000000e+00 0.000000000000000000e+00 0.000000000000000000e+00
6.354735493659973145e-01 0.000000000000000000e+00 0.000000000000000000e+00 0.000000000000000000e+00
6.558824181556701660e-01 0.000000000000000000e+00 0.000000000000000000e+00 0.000000000000000000e+00
6.762912869453430176e-01 0.000000000000000000e+00 0.000000000000000000e+00 0.000000000000000000e+00
6.966992616653442383e-01 0.000000000000000000e+00 0.000000000000000000e+00 0.000000000000000000e+00
7.171081304550170898e-01 0.000000000000000000e+00 0.000000000000000000e+00 0.000000000000000000e+00
7.375169992446899414e-01 0.000000000000000000e+00 0.000000000000000000e+00 0.000000000000000000e+00
7.579258084297180176e-01 0.000000000000000000e+00 0.000000000000000000e+00 0.000000000000000000e+00
7.783346772193908691e-01 0.000000000000000000e+00 0.000000000000000000e+00 0.000000000000000000e+00
7.987434864044189453e-01 0.000000000000000000e+00 0.000000000000000000e+00 0.000000000000000000e+00
8.191515207290649414e-01 0.000000000000000000e+00 0.000000000000000000e+00 0.000000000000000000e+00
8.395603895187377930e-01 0.000000000000000000e+00 0.000000000000000000e+00 0.000000000000000000e+00
8.599691987037658691e-01 0.000000000000000000e+00 0.000000000000000000e+00 0.000000000000000000e+00
8.803780674934387207e-01 0.000000000000000000e+00 0.000000000000000000e+00 0.000000000000000000e+00
9.007868766784667969e-01 0.000000000000000000e+00 0.000000000000000000e+00 0.000000000000000000e+00
9.211949110031127930e-01 0.000000000000000000e+00 0.000000000000000000e+00 0.000000000000000000e+00
9.416037797927856445e-01 0.000000000000000000e+00 0.000000000000000000e+00 0.000000000000000000e+00
9.620125889778137207e-01 0.000000000000000000e+00 0.000000000000000000e+00 0.000000000000000000e+00
9.824214577674865723e-01 0.000000000000000000e+00 0.000000000000000000e+00 0.000000000000000000e+00
1.002830266952514648e+00 0.000000000000000000e+00 0.000000000000000000e+00 0.000000000000000000e+00
1.023239135742187500e+00 0.000000000000000000e+00 0.000000000000000000e+00 0.000000000000000000e+00
1.043647170066833496e+00 0.000000000000000000e+00 0.000000000000000000e+00 0.000000000000000000e+00
1.064056038856506348e+00 0.000000000000000000e+00 0.000000000000000000e+00 0.000000000000000000e+00
1.084464907646179199e+00 0.000000000000000000e+00 0.000000000000000000e+00 0.000000000000000000e+00
1.104873657226562500e+00 0.000000000000000000e+00 0.000000000000000000e+00 0.000000000000000000e+00
1.125282526016235352e+00 0.000000000000000000e+00 0.000000000000000000e+00 0.000000000000000000e+00
1.145691394805908203e+00 0.000000000000000000e+00 0.000000000000000000e+00 0.000000000000000000e+00
1.166099429130554199e+00 0.000000000000000000e+00 0.000000000000000000e+00 0.000000000000000000e+00
1.186508297920227051e+00 0.000000000000000000e+00 0.000000000000000000e+00 0.000000000000000000e+00
1.206917047500610352e+00 0.000000000000000000e+00 0.000000000000000000e+00 0.000000000000000000e+00
1.227325916290283203e+00 0.000000000000000000e+00 0.000000000000000000e+00 0.000000000000000000e+00
1.247734785079956055e+00 0.000000000000000000e+00 0.000000000000000000e+00 0.000000000000000000e+00
1.268142819404602051e+00 0.000000000000000000e+00 0.000000000000000000e+00 0.000000000000000000e+00
1.288551688194274902e+00 0.000000000000000000e+00 0.000000000000000000e+00 0.000000000000000000e+00
1.308960556983947754e+00 0.000000000000000000e+00 0.000000000000000000e+00 0.000000000000000000e+00
1.329369306564331055e+00 0.000000000000000000e+00 0.000000000000000000e+00 0.000000000000000000e+00
1.349778175354003906e+00 0.000000000000000000e+00 0.000000000000000000e+00 0.000000000000000000e+00
1.411003947257995605e+00 0.000000000000000000e+00 0.000000000000000000e+00 0.000000000000000000e+00
1.431412696838378906e+00 0.000000000000000000e+00 0.000000000000000000e+00 0.000000000000000000e+00
1.451821565628051758e+00 0.000000000000000000e+00 0.000000000000000000e+00 0.000000000000000000e+00
1.472230434417724609e+00 0.000000000000000000e+00 0.000000000000000000e+00 0.000000000000000000e+00
1.492639303207397461e+00 0.000000000000000000e+00 0.000000000000000000e+00 0.000000000000000000e+00
1.574273824691772461e+00 0.000000000000000000e+00 0.000000000000000000e+00 0.000000000000000000e+00
1.594682693481445312e+00 0.000000000000000000e+00 0.000000000000000000e+00 0.000000000000000000e+00
1.655908346176147461e+00 0.000000000000000000e+00 0.000000000000000000e+00 0.000000000000000000e+00
1.676317214965820312e+00 0.000000000000000000e+00 0.000000000000000000e+00 0.000000000000000000e+00
1.696726083755493164e+00 0.000000000000000000e+00 0.000000000000000000e+00 0.000000000000000000e+00
1.717134952545166016e+00 0.000000000000000000e+00 0.000000000000000000e+00 0.000000000000000000e+00
1.819178342819213867e+00 0.000000000000000000e+00 0.000000000000000000e+00 0.000000000000000000e+00
1.839587211608886719e+00 0.000000000000000000e+00 0.000000000000000000e+00 0.000000000000000000e+00
1.859995245933532715e+00 0.000000000000000000e+00 0.000000000000000000e+00 0.000000000000000000e+00
1.880403995513916016e+00 0.000000000000000000e+00 0.000000000000000000e+00 0.000000000000000000e+00
1.900812864303588867e+00 0.000000000000000000e+00 0.000000000000000000e+00 0.000000000000000000e+00
1.921221733093261719e+00 0.000000000000000000e+00 0.000000000000000000e+00 0.000000000000000000e+00
1.941630601882934570e+00 0.000000000000000000e+00 0.000000000000000000e+00 0.000000000000000000e+00
1.962038636207580566e+00 0.000000000000000000e+00 0.000000000000000000e+00 0.000000000000000000e+00
1.982447385787963867e+00 0.000000000000000000e+00 0.000000000000000000e+00 0.000000000000000000e+00
2.002856254577636719e+00 0.000000000000000000e+00 0.000000000000000000e+00 0.000000000000000000e+00
2.064081907272338867e+00 0.000000000000000000e+00 0.000000000000000000e+00 0.000000000000000000e+00
2.084490776062011719e+00 0.000000000000000000e+00 0.000000000000000000e+00 0.000000000000000000e+00
2.104899644851684570e+00 0.000000000000000000e+00 0.000000000000000000e+00 0.000000000000000000e+00
2.125308513641357422e+00 0.000000000000000000e+00 0.000000000000000000e+00 0.000000000000000000e+00
2.145717382431030273e+00 0.000000000000000000e+00 0.000000000000000000e+00 0.000000000000000000e+00
2.166126251220703125e+00 0.000000000000000000e+00 0.000000000000000000e+00 0.000000000000000000e+00
2.186535120010375977e+00 0.000000000000000000e+00 0.000000000000000000e+00 0.000000000000000000e+00
2.206943988800048828e+00 0.000000000000000000e+00 0.000000000000000000e+00 0.000000000000000000e+00
2.227352619171142578e+00 0.000000000000000000e+00 0.000000000000000000e+00 0.000000000000000000e+00
2.288577556610107422e+00 2.556489181518554688e+01 2.556489181518554688e+01 0.000000000000000000e+00
2.329395294189453125e+00 3.345154953002929688e+01 3.345154953002929688e+01 0.000000000000000000e+00
2.431439638137817383e+00 3.819132232666015625e+01 3.819132232666015625e+01 0.000000000000000000e+00
2.472257137298583984e+00 4.478437423706054688e+01 4.478437423706054688e+01 0.000000000000000000e+00
2.492664337158203125e+00 4.606958389282226562e+01 4.606958389282226562e+01 0.000000000000000000e+00
2.553890943527221680e+00 4.457143020629882812e+01 4.457143020629882812e+01 0.000000000000000000e+00
2.594708681106567383e+00 4.221879196166992188e+01 4.221879196166992188e+01 0.000000000000000000e+00
2.615117549896240234e+00 4.214562606811523438e+01 4.214562606811523438e+01 0.000000000000000000e+00
2.717159986495971680e+00 4.259804153442382812e+01 4.259804153442382812e+01 0.000000000000000000e+00
2.757977724075317383e+00 4.294842910766601562e+01 4.294842910766601562e+01 0.000000000000000000e+00
2.778386592864990234e+00 4.335671615600585938e+01 4.335671615600585938e+01 0.000000000000000000e+00
2.798795461654663086e+00 4.416104888916015625e+01 4.416104888916015625e+01 0.000000000000000000e+00
2.819204330444335938e+00 4.587081146240234375e+01 4.587081146240234375e+01 0.000000000000000000e+00
2.839613199234008789e+00 4.921679306030273438e+01 4.921679306030273438e+01 0.000000000000000000e+00
2.860022068023681641e+00 4.884048461914062500e+01 4.884048461914062500e+01 0.000000000000000000e+00
2.880430698394775391e+00 4.848611068725585938e+01 4.848611068725585938e+01 0.000000000000000000e+00
2.900839567184448242e+00 4.633769989013671875e+01 4.633769989013671875e+01 0.000000000000000000e+00
2.921248435974121094e+00 4.602215957641601562e+01 4.602215957641601562e+01 0.000000000000000000e+00
3.023291110992431641e+00 4.835567855834960938e+01 4.771528625488281250e+01 6.403931975364685059e-01
3.043699979782104492e+00 4.831381607055664062e+01 4.767062759399414062e+01 6.431888937950134277e-01
3.064108848571777344e+00 4.864441680908203125e+01 4.800156784057617188e+01 6.428496837615966797e-01
3.309013366699218750e+00 5.494194412231445312e+01 5.179918670654296875e+01 3.142756223678588867e+00
3.329421997070312500e+00 5.500942230224609375e+01 5.151042175292968750e+01 3.499002933502197266e+00
3.431464672088623047e+00 5.556895828247070312e+01 5.147855758666992188e+01 4.090399265289306641e+00
3.615144252777099609e+00 5.816587066650390625e+01 5.412081146240234375e+01 4.045054435729980469e+00
3.635553121566772461e+00 5.730696105957031250e+01 5.354701614379882812e+01 3.759941101074218750e+00
3.860048770904541016e+00 5.970279693603515625e+01 5.628105545043945312e+01 3.421746730804443359e+00
3.900864839553833008e+00 5.931116104125976562e+01 5.558784103393554688e+01 3.723321914672851562e+00
3.921273708343505859e+00 5.972953033447265625e+01 5.593954086303710938e+01 3.789989471435546875e+00
4.023317813873291016e+00 6.123284530639648438e+01 5.731728744506835938e+01 3.915552377700805664e+00
4.043726921081542969e+00 6.102643203735351562e+01 5.741872406005859375e+01 3.607713937759399414e+00
4.145769119262695312e+00 5.924906539916992188e+01 5.576869201660156250e+01 3.480374336242675781e+00
4.288630962371826172e+00 6.021586608886718750e+01 5.660147094726562500e+01 3.614398956298828125e+00
4.390673637390136719e+00 6.048515319824218750e+01 5.692168426513671875e+01 3.563470125198364258e+00
4.411082744598388672e+00 6.075218582153320312e+01 5.730956649780273438e+01 3.442616462707519531e+00
4.431491374969482422e+00 6.063916778564453125e+01 5.720769882202148438e+01 3.431464672088623047e+00
4.451900482177734375e+00 6.063401031494140625e+01 5.726807403564453125e+01 3.365932941436767578e+00
4.472309112548828125e+00 6.048804855346679688e+01 5.716732406616210938e+01 3.320717334747314453e+00
4.492718219757080078e+00 6.032848739624023438e+01 5.701420211791992188e+01 3.314286947250366211e+00
4.615169525146484375e+00 6.034196472167968750e+01 5.726507186889648438e+01 3.076894044876098633e+00
4.778439998626708984e+00 6.142713928222656250e+01 5.811392974853515625e+01 3.313209056854248047e+00
4.941709518432617188e+00 6.098169326782226562e+01 5.793785095214843750e+01 3.043846368789672852e+00
4.982526779174804688e+00 6.072611618041992188e+01 5.775149154663085938e+01 2.974622011184692383e+00
5.002935886383056641e+00 6.082947921752929688e+01 5.789870452880859375e+01 2.930773019790649414e+00
5.023344516754150391e+00 6.078994750976562500e+01 5.785409164428710938e+01 2.935857772827148438e+00
5.043751716613769531e+00 6.059022903442382812e+01 5.766748046875000000e+01 2.922744750976562500e+00
5.084569454193115234e+00 6.037291717529296875e+01 5.739286422729492188e+01 2.980048179626464844e+00
5.104978561401367188e+00 6.036075973510742188e+01 5.739789199829101562e+01 2.962876319885253906e+00
5.125387191772460938e+00 6.030617141723632812e+01 5.735616302490234375e+01 2.950006008148193359e+00
5.145796298980712891e+00 6.035432052612304688e+01 5.740781402587890625e+01 2.946510314941406250e+00
5.166204929351806641e+00 6.008369827270507812e+01 5.718102264404296875e+01 2.902672052383422852e+00
5.186613559722900391e+00 5.986270904541015625e+01 5.700217819213867188e+01 2.860530853271484375e+00
5.207022666931152344e+00 5.982231903076171875e+01 5.696265411376953125e+01 2.859662055969238281e+00
5.227431297302246094e+00 5.994623947143554688e+01 5.696924209594726562e+01 2.976993799209594727e+00
5.288656234741210938e+00 6.003252792358398438e+01 5.712450027465820312e+01 2.908025503158569336e+00
5.309065341949462891e+00 6.009098434448242188e+01 5.717544937133789062e+01 2.915535926818847656e+00
5.329473972320556641e+00 5.996913909912109375e+01 5.709125900268554688e+01 2.877884864807128906e+00
5.349883079528808594e+00 5.982510757446289062e+01 5.691820907592773438e+01 2.906904458999633789e+00
5.370291709899902344e+00 5.971823501586914062e+01 5.679106140136718750e+01 2.927175045013427734e+00
5.390700340270996094e+00 5.963138961791992188e+01 5.670927047729492188e+01 2.922119855880737305e+00
5.492744922637939453e+00 5.945911407470703125e+01 5.652739715576171875e+01 2.931715250015258789e+00
5.594787597656250000e+00 5.915863037109375000e+01 5.626659011840820312e+01 2.892041683197021484e+00
5.615196228027343750e+00 5.902715301513671875e+01 5.614735031127929688e+01 2.879805564880371094e+00
5.656013965606689453e+00 5.884507751464843750e+01 5.599609375000000000e+01 2.848975896835327148e+00
5.676422595977783203e+00 5.859144210815429688e+01 5.575260162353515625e+01 2.838840007781982422e+00
5.696831703186035156e+00 5.853022003173828125e+01 5.572095108032226562e+01 2.809266090393066406e+00
5.798874378204345703e+00 5.804373931884765625e+01 5.531838989257812500e+01 2.725346088409423828e+00
5.819283008575439453e+00 5.783801651000976562e+01 5.512438201904296875e+01 2.713629007339477539e+00
5.839691638946533203e+00 5.771007537841796875e+01 5.501371383666992188e+01 2.696360826492309570e+00
5.880509376525878906e+00 5.753082275390625000e+01 5.483539962768554688e+01 2.695418596267700195e+00
5.900918483734130859e+00 5.745917510986328125e+01 5.476745605468750000e+01 2.691724300384521484e+00
5.921327114105224609e+00 5.758433914184570312e+01 5.490212249755859375e+01 2.682213068008422852e+00
5.962143421173095703e+00 5.727381515502929688e+01 5.456641769409179688e+01 2.707393646240234375e+00
5.982552051544189453e+00 5.731570053100585938e+01 5.462036132812500000e+01 2.695338010787963867e+00
6.002961158752441406e+00 5.730992126464843750e+01 5.459417724609375000e+01 2.715748548507690430e+00
6.023369789123535156e+00 5.721956634521484375e+01 5.448868560791015625e+01 2.730884075164794922e+00
6.105005264282226562e+00 5.737448883056640625e+01 5.462273788452148438e+01 2.751756668090820312e+00
6.125413894653320312e+00 5.730068206787109375e+01 5.455799484252929688e+01 2.742687940597534180e+00
6.145823001861572266e+00 5.722875976562500000e+01 5.449367523193359375e+01 2.735081434249877930e+00
6.166231632232666016e+00 5.738861846923828125e+01 5.466271972656250000e+01 2.725900173187255859e+00
6.186640739440917969e+00 5.718299102783203125e+01 5.444369506835937500e+01 2.739294528961181641e+00
6.207047939300537109e+00 5.713943862915039062e+01 5.430326843261718750e+01 2.836172580718994141e+00
6.227456569671630859e+00 5.702472305297851562e+01 5.427906799316406250e+01 2.745656251907348633e+00
6.288682937622070312e+00 5.694314193725585938e+01 5.428354263305664062e+01 2.659599065780639648e+00
6.309092044830322266e+00 5.686962890625000000e+01 5.422178268432617188e+01 2.647851943969726562e+00
6.329500675201416016e+00 5.684526062011718750e+01 5.419823074340820312e+01 2.647023916244506836e+00
6.349909782409667969e+00 5.660105895996093750e+01 5.394863891601562500e+01 2.652418851852416992e+00
6.451952457427978516e+00 5.635247421264648438e+01 5.372616195678710938e+01 2.626315355300903320e+00
6.513178825378417969e+00 5.613923263549804688e+01 5.347839736938476562e+01 2.660833835601806641e+00
6.533587455749511719e+00 5.608430480957031250e+01 5.342126846313476562e+01 2.663042545318603516e+00
6.594814300537109375e+00 5.597402191162109375e+01 5.321570205688476562e+01 2.758322954177856445e+00
6.635632038116455078e+00 5.579431915283203125e+01 5.310481643676757812e+01 2.689502477645874023e+00
6.656040668487548828e+00 5.569605255126953125e+01 5.301391983032226562e+01 2.682134628295898438e+00
6.676447868347167969e+00 5.552561569213867188e+01 5.285187911987304688e+01 2.673738002777099609e+00
6.696856975555419922e+00 5.553385925292968750e+01 5.286954116821289062e+01 2.664316892623901367e+00
6.717265605926513672e+00 5.542539596557617188e+01 5.274455261230468750e+01 2.680840015411376953e+00
6.778491973876953125e+00 5.524806213378906250e+01 5.255067062377929688e+01 2.697388887405395508e+00
6.798901081085205078e+00 5.508106613159179688e+01 5.239292526245117188e+01 2.688139677047729492e+00
6.941761016845703125e+00 5.568051147460937500e+01 5.286653900146484375e+01 2.813975572586059570e+00
6.962170124053955078e+00 5.482917022705078125e+01 5.209264373779296875e+01 2.736531257629394531e+00
6.982578754425048828e+00 5.511280822753906250e+01 5.238608169555664062e+01 2.726723194122314453e+00
7.002987861633300781e+00 5.478248596191406250e+01 5.206249237060546875e+01 2.719990253448486328e+00
7.023396492004394531e+00 5.472108078002929688e+01 5.201346206665039062e+01 2.707623004913330078e+00
7.043805599212646484e+00 5.459554290771484375e+01 5.189673614501953125e+01 2.698809862136840820e+00
7.064214229583740234e+00 5.462352371215820312e+01 5.191625213623046875e+01 2.707275390625000000e+00
7.105031967163085938e+00 5.442096710205078125e+01 5.175276947021484375e+01 2.668193578720092773e+00
7.125439167022705078e+00 5.441660690307617188e+01 5.173893356323242188e+01 2.677670001983642578e+00
7.145847797393798828e+00 5.426119613647460938e+01 5.159116363525390625e+01 2.670029640197753906e+00
7.166256904602050781e+00 5.430481719970703125e+01 5.164467239379882812e+01 2.660145759582519531e+00
7.186665534973144531e+00 5.418149566650390625e+01 5.149800872802734375e+01 2.683481216430664062e+00
7.207074642181396484e+00 5.410834121704101562e+01 5.141860961914062500e+01 2.689731121063232422e+00
7.227483272552490234e+00 5.423816299438476562e+01 5.153839492797851562e+01 2.699771881103515625e+00
7.247892379760742188e+00 5.414479064941406250e+01 5.145933151245117188e+01 2.685463190078735352e+00
7.268301010131835938e+00 5.547422790527343750e+01 5.279697036743164062e+01 2.677254676818847656e+00
7.288710117340087891e+00 5.411716842651367188e+01 5.140106201171875000e+01 2.716107130050659180e+00
7.309118747711181641e+00 5.396162414550781250e+01 5.122478485107421875e+01 2.736838102340698242e+00
7.329527378082275391e+00 5.388708877563476562e+01 5.114747619628906250e+01 2.739616632461547852e+00
7.349936485290527344e+00 5.385622787475585938e+01 5.110316085815429688e+01 2.753069877624511719e+00
7.370343685150146484e+00 5.379127120971679688e+01 5.105910873413085938e+01 2.732161045074462891e+00
7.390752315521240234e+00 5.371283340454101562e+01 5.098289108276367188e+01 2.729939222335815430e+00
7.411161422729492188e+00 5.563167953491210938e+01 5.290978622436523438e+01 2.721889495849609375e+00
7.431570053100585938e+00 5.350173568725585938e+01 5.076729583740234375e+01 2.734437227249145508e+00
7.492796897888183594e+00 5.321275329589843750e+01 5.054415130615234375e+01 2.668596029281616211e+00
7.513205528259277344e+00 5.345003890991210938e+01 5.078921127319335938e+01 2.660826921463012695e+00
7.533614635467529297e+00 5.312952041625976562e+01 5.042918014526367188e+01 2.700336217880249023e+00
7.554023265838623047e+00 5.311931991577148438e+01 5.038801193237304688e+01 2.731306076049804688e+00
7.574431896209716797e+00 5.298061370849609375e+01 5.025224304199218750e+01 2.728374958038330078e+00
7.594839096069335938e+00 5.285450363159179688e+01 5.011721420288085938e+01 2.737289905548095703e+00
7.615248203277587891e+00 5.274926376342773438e+01 5.001433563232421875e+01 2.734924554824829102e+00
7.635656833648681641e+00 5.229445266723632812e+01 4.956713485717773438e+01 2.727319002151489258e+00
7.656065940856933594e+00 5.258359909057617188e+01 4.984149932861328125e+01 2.742106199264526367e+00
7.676474571228027344e+00 5.254558944702148438e+01 4.980253982543945312e+01 2.743049144744873047e+00
7.696883678436279297e+00 5.244496917724609375e+01 4.970159149169921875e+01 2.743380546569824219e+00
7.717292308807373047e+00 5.234520339965820312e+01 4.960116958618164062e+01 2.744035243988037109e+00
7.737701416015625000e+00 5.227462768554687500e+01 4.953221893310546875e+01 2.742408990859985352e+00
7.758110046386718750e+00 5.220553970336914062e+01 4.946363067626953125e+01 2.741909027099609375e+00
7.778518676757812500e+00 5.219529342651367188e+01 4.939540481567382812e+01 2.799891471862792969e+00
7.798927783966064453e+00 5.204088592529296875e+01 4.929683303833007812e+01 2.744053125381469727e+00
7.819334983825683594e+00 5.198219680786132812e+01 4.922940826416015625e+01 2.752789974212646484e+00
7.839743614196777344e+00 5.192107772827148438e+01 4.916232681274414062e+01 2.758747339248657227e+00
7.860152721405029297e+00 5.188430023193359375e+01 4.912604522705078125e+01 2.758253097534179688e+00
7.880561351776123047e+00 5.181734848022460938e+01 4.905957412719726562e+01 2.757772922515869141e+00
7.900970458984375000e+00 5.172224044799804688e+01 4.896314620971679688e+01 2.759094715118408203e+00
7.962196826934814453e+00 5.179652404785156250e+01 4.900756072998046875e+01 2.788970947265625000e+00
7.982605457305908203e+00 5.161030578613281250e+01 4.885227584838867188e+01 2.758036613464355469e+00
8.003014564514160156e+00 5.138910675048828125e+01 4.863796234130859375e+01 2.751149177551269531e+00
8.023423194885253906e+00 5.356924438476562500e+01 5.081165313720703125e+01 2.757592439651489258e+00
8.043831825256347656e+00 5.145492172241210938e+01 4.865900039672851562e+01 2.795922994613647461e+00
8.064239501953125000e+00 5.132464981079101562e+01 4.853586578369140625e+01 2.788788557052612305e+00
8.084648132324218750e+00 5.120372009277343750e+01 4.841333770751953125e+01 2.790384292602539062e+00
8.145874977111816406e+00 5.118198013305664062e+01 4.846088409423828125e+01 2.721091032028198242e+00
8.166283607482910156e+00 5.108695983886718750e+01 4.836908340454101562e+01 2.717877149581909180e+00
8.186692237854003906e+00 5.107620620727539062e+01 4.836547470092773438e+01 2.710726737976074219e+00
8.207100868225097656e+00 5.096028137207031250e+01 4.824520111083984375e+01 2.715081691741943359e+00
8.349961280822753906e+00 5.042200469970703125e+01 4.776380538940429688e+01 2.658198356628417969e+00
8.390779495239257812e+00 5.023775482177734375e+01 4.755998611450195312e+01 2.677769899368286133e+00
8.411188125610351562e+00 4.980248260498046875e+01 4.713151168823242188e+01 2.670967817306518555e+00
8.452005386352539062e+00 5.003018569946289062e+01 4.735707855224609375e+01 2.673110961914062500e+00
8.472414970397949219e+00 4.996074676513671875e+01 4.729951095581054688e+01 2.661232709884643555e+00
8.574457168579101562e+00 4.954993057250976562e+01 4.687620544433593750e+01 2.673724174499511719e+00
8.594865798950195312e+00 4.946125793457031250e+01 4.676489639282226562e+01 2.696362018585205078e+00
8.615275382995605469e+00 4.943115997314453125e+01 4.673747634887695312e+01 2.693687200546264648e+00
8.635684013366699219e+00 4.928815460205078125e+01 4.657157516479492188e+01 2.716580629348754883e+00
8.656092643737792969e+00 4.923048400878906250e+01 4.651708602905273438e+01 2.713396072387695312e+00
8.676501274108886719e+00 4.910966110229492188e+01 4.640767288208007812e+01 2.701984882354736328e+00
8.696909904479980469e+00 4.908314514160156250e+01 4.638134384155273438e+01 2.701804161071777344e+00
8.717319488525390625e+00 4.905237960815429688e+01 4.632767868041992188e+01 2.724698305130004883e+00
8.737728118896484375e+00 4.893661499023437500e+01 4.621947097778320312e+01 2.717143535614013672e+00
8.758134841918945312e+00 4.882680511474609375e+01 4.611177444458007812e+01 2.715030670166015625e+00
8.778544425964355469e+00 4.873854446411132812e+01 4.603184127807617188e+01 2.706697463989257812e+00
8.798953056335449219e+00 4.865684509277343750e+01 4.595227813720703125e+01 2.704565048217773438e+00
8.880588531494140625e+00 4.843668365478515625e+01 4.579942321777343750e+01 2.637261867523193359e+00
8.941814422607421875e+00 4.827326583862304688e+01 4.564646148681640625e+01 2.626802444458007812e+00
8.982630729675292969e+00 4.820442581176757812e+01 4.557230377197265625e+01 2.632117033004760742e+00
9.003039360046386719e+00 4.809525299072265625e+01 4.546899795532226562e+01 2.626254558563232422e+00
9.043857574462890625e+00 4.787753677368164062e+01 4.526378250122070312e+01 2.613761425018310547e+00
9.064266204833984375e+00 4.793572616577148438e+01 4.529391479492187500e+01 2.641809940338134766e+00
9.207128524780273438e+00 4.759682464599609375e+01 4.490312194824218750e+01 2.693704843521118164e+00
9.227535247802734375e+00 4.757276153564453125e+01 4.488164901733398438e+01 2.691108703613281250e+00
9.247943878173828125e+00 4.743684005737304688e+01 4.473082733154296875e+01 2.706007003784179688e+00
9.268353462219238281e+00 4.728470611572265625e+01 4.458067321777343750e+01 2.704035282135009766e+00
9.288762092590332031e+00 4.728725051879882812e+01 4.458581161499023438e+01 2.701438665390014648e+00
9.329579353332519531e+00 4.722037506103515625e+01 4.451903915405273438e+01 2.701337337493896484e+00
9.452031135559082031e+00 4.693848800659179688e+01 4.427154541015625000e+01 2.666940927505493164e+00
9.472439765930175781e+00 4.663025283813476562e+01 4.394870758056640625e+01 2.681546211242675781e+00
9.492848396301269531e+00 4.660425567626953125e+01 4.390466308593750000e+01 2.699588537216186523e+00
9.513257980346679688e+00 4.645314788818359375e+01 4.373498153686523438e+01 2.718170881271362305e+00
9.533666610717773438e+00 4.645504379272460938e+01 4.376690673828125000e+01 2.688133716583251953e+00
9.554075241088867188e+00 4.633647918701171875e+01 4.364835357666015625e+01 2.688128709793090820e+00
9.574483871459960938e+00 4.626684188842773438e+01 4.358032226562500000e+01 2.686520338058471680e+00
9.594892501831054688e+00 4.618246459960937500e+01 4.348762130737304688e+01 2.694847106933593750e+00
9.615302085876464844e+00 4.617245864868164062e+01 4.344511413574218750e+01 2.727344036102294922e+00
9.635710716247558594e+00 4.609244537353515625e+01 4.337793731689453125e+01 2.714508295059204102e+00
9.656119346618652344e+00 4.606862258911132812e+01 4.336063003540039062e+01 2.707999229431152344e+00
9.676527023315429688e+00 4.599454116821289062e+01 4.329392623901367188e+01 2.700615882873535156e+00
9.696935653686523438e+00 4.592996597290039062e+01 4.322749328613281250e+01 2.702480316162109375e+00
9.717344284057617188e+00 4.587407684326171875e+01 4.316133880615234375e+01 2.712738513946533203e+00
9.737752914428710938e+00 4.580395507812500000e+01 4.309546661376953125e+01 2.708491325378417969e+00
9.758161544799804688e+00 4.575392532348632812e+01 4.305439376831054688e+01 2.699527978897094727e+00
9.778571128845214844e+00 4.568807983398437500e+01 4.298901748657226562e+01 2.699066400527954102e+00
9.798979759216308594e+00 4.564049148559570312e+01 4.294834518432617188e+01 2.692147493362426758e+00
9.819388389587402344e+00 4.560120391845703125e+01 4.290783691406250000e+01 2.693370580673217773e+00
9.839797019958496094e+00 4.551302337646484375e+01 4.281884384155273438e+01 2.694184541702270508e+00
9.860206604003906250e+00 4.544262695312500000e+01 4.275449371337890625e+01 2.688135147094726562e+00
9.880615234375000000e+00 4.540306472778320312e+01 4.271463775634765625e+01 2.688427209854125977e+00
9.901023864746093750e+00 4.531851959228515625e+01 4.262659072875976562e+01 2.691928863525390625e+00
9.921431541442871094e+00 4.527412033081054688e+01 4.258716964721679688e+01 2.686949729919433594e+00
9.941840171813964844e+00 4.520537185668945312e+01 4.252383041381835938e+01 2.681544780731201172e+00
9.962248802185058594e+00 4.517221450805664062e+01 4.248476791381835938e+01 2.687447786331176758e+00
9.982657432556152344e+00 4.511153030395507812e+01 4.242189407348632812e+01 2.689637184143066406e+00
1.000306606292724609e+01 4.504500579833984375e+01 4.235927200317382812e+01 2.685735464096069336e+00
1.002347564697265625e+01 4.498458480834960938e+01 4.229691314697265625e+01 2.687665939331054688e+00
1.004388427734375000e+01 4.492103958129882812e+01 4.223479843139648438e+01 2.686244964599609375e+00
1.006429290771484375e+01 4.488214874267578125e+01 4.219672393798828125e+01 2.685418605804443359e+00
1.008470153808593750e+01 4.482480621337890625e+01 4.213506317138671875e+01 2.689742326736450195e+00
1.010511112213134766e+01 4.478342056274414062e+01 4.209734725952148438e+01 2.686073064804077148e+00
1.012551975250244141e+01 4.472348022460937500e+01 4.203614044189453125e+01 2.687339544296264648e+00
1.014592647552490234e+01 4.466603851318359375e+01 4.197518920898437500e+01 2.690845489501953125e+00
1.016633605957031250e+01 4.460477066040039062e+01 4.191447067260742188e+01 2.690301418304443359e+00
1.018674468994140625e+01 4.454731369018554688e+01 4.185399246215820312e+01 2.693323612213134766e+00
1.020715332031250000e+01 4.451617431640625000e+01 4.181721496582031250e+01 2.698958635330200195e+00
1.022756195068359375e+01 4.447872924804687500e+01 4.178058242797851562e+01 2.698149442672729492e+00
1.024797058105468750e+01 4.441749954223632812e+01 4.172073745727539062e+01 2.696761131286621094e+00
1.026838016510009766e+01 4.435740661621093750e+01 4.166112899780273438e+01 2.696276187896728516e+00
1.030919742584228516e+01 4.433870697021484375e+01 4.163550567626953125e+01 2.703197240829467773e+00
1.032960605621337891e+01 4.430732345581054688e+01 4.159959411621093750e+01 2.707728624343872070e+00
1.035001564025878906e+01 4.418621826171875000e+01 4.147130584716796875e+01 2.714918136596679688e+00
1.037042236328125000e+01 4.410811614990234375e+01 4.138969802856445312e+01 2.718418836593627930e+00
1.039083099365234375e+01 4.404323196411132812e+01 4.130840301513671875e+01 2.734825611114501953e+00
1.041123962402343750e+01 4.394768905639648438e+01 4.122742462158203125e+01 2.720264911651611328e+00
1.043164920806884766e+01 4.391143417358398438e+01 4.119266510009765625e+01 2.718759298324584961e+00
1.045205783843994141e+01 4.390734863281250000e+01 4.118094253540039062e+01 2.726402997970581055e+00
1.047246646881103516e+01 4.380762863159179688e+01 4.107783126831054688e+01 2.729793548583984375e+00
1.049287509918212891e+01 4.375144958496093750e+01 4.102074432373046875e+01 2.730703830718994141e+00
1.051328468322753906e+01 4.382432556152343750e+01 4.098665618896484375e+01 2.837675571441650391e+00
1.053369331359863281e+01 4.365883636474609375e+01 4.092997360229492188e+01 2.728861570358276367e+00
1.055410194396972656e+01 4.359799957275390625e+01 4.087350845336914062e+01 2.724492311477661133e+00
1.057451057434082031e+01 4.356127166748046875e+01 4.083989715576171875e+01 2.721373558044433594e+00
1.059491920471191406e+01 4.350274276733398438e+01 4.078382110595703125e+01 2.718924760818481445e+00
1.061532688140869141e+01 4.344591522216796875e+01 4.072797012329101562e+01 2.717947483062744141e+00
1.063573551177978516e+01 4.341413497924804688e+01 4.069483566284179688e+01 2.719300270080566406e+00
1.065614414215087891e+01 4.333275604248046875e+01 4.061689758300781250e+01 2.715859889984130859e+00
1.067655372619628906e+01 4.324984359741210938e+01 4.053925323486328125e+01 2.710588455200195312e+00
1.069696235656738281e+01 4.324245071411132812e+01 4.052904510498046875e+01 2.713411331176757812e+00
1.071737098693847656e+01 4.319161605834960938e+01 4.047420501708984375e+01 2.717409133911132812e+00
1.073777961730957031e+01 4.312612533569335938e+01 4.041957092285156250e+01 2.706550836563110352e+00
1.075818920135498047e+01 4.307482910156250000e+01 4.036514663696289062e+01 2.709683895111083984e+00
1.077859783172607422e+01 4.302465438842773438e+01 4.031092453002929688e+01 2.713729143142700195e+00
1.079900646209716797e+01 4.299028396606445312e+01 4.027907943725585938e+01 2.711207389831542969e+00
1.081941509246826172e+01 4.295696640014648438e+01 4.024735260009765625e+01 2.709617376327514648e+00
1.083982276916503906e+01 4.290048980712890625e+01 4.019366836547851562e+01 2.706821918487548828e+00
1.086023139953613281e+01 4.282340240478515625e+01 4.011813354492187500e+01 2.705265045166015625e+00
1.088064002990722656e+01 4.278834533691406250e+01 4.008688735961914062e+01 2.701459884643554688e+00
1.090104866027832031e+01 4.273483276367187500e+01 4.003379821777343750e+01 2.701030731201171875e+00
1.092145824432373047e+01 4.268025207519531250e+01 3.998090362548828125e+01 2.699343204498291016e+00
1.094186687469482422e+01 4.264862823486328125e+01 3.995008850097656250e+01 2.698532581329345703e+00
1.096227550506591797e+01 4.259268188476562500e+01 3.989754867553710938e+01 2.695134401321411133e+00
1.098268413543701172e+01 4.254888534545898438e+01 3.984520721435546875e+01 2.703675031661987305e+00
1.100309371948242188e+01 4.249134445190429688e+01 3.979306030273437500e+01 2.698285579681396484e+00
1.102350234985351562e+01 4.246083831787109375e+01 3.976281356811523438e+01 2.698021888732910156e+00
1.104391098022460938e+01 4.240269851684570312e+01 3.971101379394531250e+01 2.691684007644653320e+00
1.106431770324707031e+01 4.235166931152343750e+01 3.965940475463867188e+01 2.692268848419189453e+00
1.108472728729248047e+01 4.232198333740234375e+01 3.962958145141601562e+01 2.692401409149169922e+00
1.110513591766357422e+01 4.224852752685546875e+01 3.955675125122070312e+01 2.691778898239135742e+00
1.112554454803466797e+01 4.223776245117187500e+01 3.954874038696289062e+01 2.689020156860351562e+00
1.114595317840576172e+01 4.220698165893554688e+01 3.951927947998046875e+01 2.687698841094970703e+00
1.116636276245117188e+01 4.215042877197265625e+01 3.946848678588867188e+01 2.681946516036987305e+00
1.118677139282226562e+01 4.210118865966796875e+01 3.941788101196289062e+01 2.683300256729125977e+00
1.120718002319335938e+01 4.204939651489257812e+01 3.936746215820312500e+01 2.681933164596557617e+00
1.122758865356445312e+01 4.201729583740234375e+01 3.933854293823242188e+01 2.678755998611450195e+00
1.124799728393554688e+01 4.197081375122070312e+01 3.928844451904296875e+01 2.682364225387573242e+00
1.126840686798095703e+01 4.194088363647460938e+01 3.925978088378906250e+01 2.681101560592651367e+00
1.128881549835205078e+01 4.186582946777343750e+01 3.918880462646484375e+01 2.677023887634277344e+00
1.130922222137451172e+01 4.186056137084960938e+01 3.918159103393554688e+01 2.678968429565429688e+00
1.132963180541992188e+01 4.180739593505859375e+01 3.913213729858398438e+01 2.675258159637451172e+00
1.135004043579101562e+01 4.175823593139648438e+01 3.908287048339843750e+01 2.675367116928100586e+00
1.137044906616210938e+01 4.170609283447265625e+01 3.903377151489257812e+01 2.672322034835815430e+00
1.139085769653320312e+01 4.165725708007812500e+01 3.898485183715820312e+01 2.672402620315551758e+00
1.141126728057861328e+01 4.164734649658203125e+01 3.897806167602539062e+01 2.669285774230957031e+00
1.143167591094970703e+01 4.159545135498046875e+01 3.892941665649414062e+01 2.666035175323486328e+00
1.145208454132080078e+01 4.152635574340820312e+01 3.886003875732421875e+01 2.666315317153930664e+00
1.147249317169189453e+01 4.149326705932617188e+01 3.883264160156250000e+01 2.660624980926513672e+00
1.149290180206298828e+01 4.142738342285156250e+01 3.876368331909179688e+01 2.663707733154296875e+00
1.161535358428955078e+01 4.315283966064453125e+01 4.051906967163085938e+01 2.633767843246459961e+00
1.163576221466064453e+01 4.128290557861328125e+01 3.863751220703125000e+01 2.645389556884765625e+00
1.165617179870605469e+01 4.125461196899414062e+01 3.861093521118164062e+01 2.643675804138183594e+00
1.173780632019042969e+01 4.118472290039062500e+01 3.838319015502929688e+01 2.801539421081542969e+00
1.179903125762939453e+01 4.082749938964843750e+01 3.816373443603515625e+01 2.663765907287597656e+00
1.181944084167480469e+01 4.085757446289062500e+01 3.819910430908203125e+01 2.658467054367065430e+00
1.183984947204589844e+01 4.076663208007812500e+01 3.811304092407226562e+01 2.653587341308593750e+00
1.188066673278808594e+01 4.070846176147460938e+01 3.806269836425781250e+01 2.645761489868164062e+00
1.202352714538574219e+01 4.108759689331054688e+01 3.763035583496093750e+01 3.457238197326660156e+00
1.204393577575683594e+01 4.168128204345703125e+01 3.826226806640625000e+01 3.419014215469360352e+00
1.206434535980224609e+01 4.101557922363281250e+01 3.760225296020507812e+01 3.413330554962158203e+00
1.214597988128662109e+01 4.004541778564453125e+01 3.736923217773437500e+01 2.676187515258789062e+00
1.216638946533203125e+01 4.011598587036132812e+01 3.744427871704101562e+01 2.671704530715942383e+00
1.218679809570312500e+01 4.046110153198242188e+01 3.779409027099609375e+01 2.667013883590698242e+00
1.220720672607421875e+01 4.003447341918945312e+01 3.735829925537109375e+01 2.676172494888305664e+00
1.222761440277099609e+01 3.996585845947265625e+01 3.729594802856445312e+01 2.669908046722412109e+00
1.224802303314208984e+01 3.984629821777343750e+01 3.717516708374023438e+01 2.671132564544677734e+00
1.226843166351318359e+01 3.980041885375976562e+01 3.713283920288085938e+01 2.667576789855957031e+00
1.228884029388427734e+01 3.978823471069335938e+01 3.711013031005859375e+01 2.678102970123291016e+00
1.232965850830078125e+01 3.975899887084960938e+01 3.710377502441406250e+01 2.655216693878173828e+00
1.235006713867187500e+01 3.973337554931640625e+01 3.708122634887695312e+01 2.652154922485351562e+00
1.239088439941406250e+01 3.963051986694335938e+01 3.697838973999023438e+01 2.652126789093017578e+00
1.245211124420166016e+01 3.952087783813476562e+01 3.685424804687500000e+01 2.666631460189819336e+00
1.247251892089843750e+01 3.983026504516601562e+01 3.706265640258789062e+01 2.767608404159545898e+00
1.251333618164062500e+01 3.936479949951171875e+01 3.673131942749023438e+01 2.633484840393066406e+00
1.253374481201171875e+01 3.930952453613281250e+01 3.667150878906250000e+01 2.638019800186157227e+00
1.255415344238281250e+01 3.929532623291015625e+01 3.665003204345703125e+01 2.645289897918701172e+00
1.257456302642822266e+01 3.926028823852539062e+01 3.660958480834960938e+01 2.650704860687255859e+00
1.259497165679931641e+01 3.922315979003906250e+01 3.656927108764648438e+01 2.653887271881103516e+00
1.265619850158691406e+01 3.903950119018554688e+01 3.641127395629882812e+01 2.628230094909667969e+00
1.271742343902587891e+01 3.892486190795898438e+01 3.627362823486328125e+01 2.651226997375488281e+00
1.273783206939697266e+01 3.890046691894531250e+01 3.625309753417968750e+01 2.647374868392944336e+00
1.275824069976806641e+01 3.883410263061523438e+01 3.617633819580078125e+01 2.657766580581665039e+00
1.279905796051025391e+01 3.891962814331054688e+01 3.615449142456054688e+01 2.765138626098632812e+00
1.290110301971435547e+01 3.863951110839843750e+01 3.597985458374023438e+01 2.659664630889892578e+00
1.292150974273681641e+01 3.864067459106445312e+01 3.597861099243164062e+01 2.662065505981445312e+00
1.296232795715332031e+01 3.854253387451171875e+01 3.588378143310546875e+01 2.658749818801879883e+00
1.302355384826660156e+01 3.847692871093750000e+01 3.582537460327148438e+01 2.651551008224487305e+00
1.304396247863769531e+01 3.956063842773437500e+01 3.692553710937500000e+01 2.635100841522216797e+00
1.308478069305419922e+01 3.835906219482421875e+01 3.573092269897460938e+01 2.628137111663818359e+00
1.310518932342529297e+01 3.834093475341796875e+01 3.571181106567382812e+01 2.629120349884033203e+00
1.316641426086425781e+01 3.817769622802734375e+01 3.556392669677734375e+01 2.613772869110107422e+00
1.318682289123535156e+01 3.815262985229492188e+01 3.554519271850585938e+01 2.607438087463378906e+00
1.328886699676513672e+01 3.796026611328125000e+01 3.536231613159179688e+01 2.597945690155029297e+00
1.330927658081054688e+01 3.790935897827148438e+01 3.530809402465820312e+01 2.601262807846069336e+00
1.332968521118164062e+01 3.791779327392578125e+01 3.528995513916015625e+01 2.627837896347045898e+00
1.335009384155273438e+01 3.783999252319335938e+01 3.523600387573242188e+01 2.603990793228149414e+00
1.337050247192382812e+01 3.778263092041015625e+01 3.518221664428710938e+01 2.600410223007202148e+00
1.339091014862060547e+01 3.773191070556640625e+01 3.512860488891601562e+01 2.603301525115966797e+00
1.347254562377929688e+01 3.757410430908203125e+01 3.498682022094726562e+01 2.587282896041870117e+00
1.349295425415039062e+01 3.754032135009765625e+01 3.495164108276367188e+01 2.588684320449829102e+00
1.351336288452148438e+01 3.748342895507812500e+01 3.489885330200195312e+01 2.584579706192016602e+00
1.353377151489257812e+01 3.747512435913085938e+01 3.488160705566406250e+01 2.593518733978271484e+00
1.355418109893798828e+01 3.743624114990234375e+01 3.484674835205078125e+01 2.589495658874511719e+00
1.357458972930908203e+01 3.741638565063476562e+01 3.481198883056640625e+01 2.604396820068359375e+00
1.359499835968017578e+01 3.744843673706054688e+01 3.484777069091796875e+01 2.600668191909790039e+00
1.361540508270263672e+01 3.606169509887695312e+01 3.347686767578125000e+01 2.584825992584228516e+00
1.363581562042236328e+01 3.730683135986328125e+01 3.472590637207031250e+01 2.580925226211547852e+00
1.365622234344482422e+01 3.722016143798828125e+01 3.463895416259765625e+01 2.581209659576416016e+00
1.367663288116455078e+01 3.719742202758789062e+01 3.462226867675781250e+01 2.575156688690185547e+00
1.369704055786132812e+01 3.715081787109375000e+01 3.457068252563476562e+01 2.580133438110351562e+00
1.371745109558105469e+01 3.712850570678710938e+01 3.455414581298828125e+01 2.574363231658935547e+00
1.373785781860351562e+01 3.708813858032226562e+01 3.452024459838867188e+01 2.567897081375122070e+00
1.375826835632324219e+01 3.705232238769531250e+01 3.448643493652343750e+01 2.565893888473510742e+00
1.377867507934570312e+01 3.701851272583007812e+01 3.445273208618164062e+01 2.565779685974121094e+00
1.379908561706542969e+01 3.696295166015625000e+01 3.440177154541015625e+01 2.561183929443359375e+00
1.381949329376220703e+01 3.692596817016601562e+01 3.436828994750976562e+01 2.557682275772094727e+00
1.383990383148193359e+01 3.689097213745117188e+01 3.433490371704101562e+01 2.556071996688842773e+00
1.386031055450439453e+01 3.683883666992187500e+01 3.428435134887695312e+01 2.554488182067871094e+00
1.388071823120117188e+01 3.681800842285156250e+01 3.426844024658203125e+01 2.549569368362426758e+00
1.390112876892089844e+01 3.677391815185546875e+01 3.421812438964843750e+01 2.555798053741455078e+00
1.392153549194335938e+01 3.673639297485351562e+01 3.418516540527343750e+01 2.551226139068603516e+00
1.394194602966308594e+01 3.671994781494140625e+01 3.416945648193359375e+01 2.550490379333496094e+00
1.396235370635986328e+01 3.666690063476562500e+01 3.411951446533203125e+01 2.547384977340698242e+00
1.398276424407958984e+01 3.661623764038085938e+01 3.406970977783203125e+01 2.546529531478881836e+00
1.400317096710205078e+01 3.659664535522460938e+01 3.405424880981445312e+01 2.542400598526000977e+00
1.402358150482177734e+01 3.652851867675781250e+01 3.398761749267578125e+01 2.540901184082031250e+00
1.404398918151855469e+01 3.650910568237304688e+01 3.397232055664062500e+01 2.536782979965209961e+00
1.406439971923828125e+01 3.644489288330078125e+01 3.390599822998046875e+01 2.538893461227416992e+00
1.408480644226074219e+01 3.642536544799804688e+01 3.389086532592773438e+01 2.534495353698730469e+00
1.410521411895751953e+01 3.637660217285156250e+01 3.384183120727539062e+01 2.534775733947753906e+00
1.412562465667724609e+01 3.634348297119140625e+01 3.380988311767578125e+01 2.533596515655517578e+00
1.414603137969970703e+01 3.630824279785156250e+01 3.377802658081054688e+01 2.530217409133911133e+00
1.416644191741943359e+01 3.625843811035156250e+01 3.372936248779296875e+01 2.529074192047119141e+00
1.418684959411621094e+01 3.622817230224609375e+01 3.369771957397460938e+01 2.530451297760009766e+00
1.420725917816162109e+01 3.619610977172851562e+01 3.366616058349609375e+01 2.529946804046630859e+00
1.422766685485839844e+01 3.616137313842773438e+01 3.363469696044921875e+01 2.526678085327148438e+00
1.424807739257812500e+01 3.611098861694335938e+01 3.358651351928710938e+01 2.524471521377563477e+00
1.426848411560058594e+01 3.607711410522460938e+01 3.355525588989257812e+01 2.521862745285034180e+00
1.428889465332031250e+01 3.602881240844726562e+01 3.350732421875000000e+01 2.521492958068847656e+00
1.430930233001708984e+01 3.599875259399414062e+01 3.347626495361328125e+01 2.522490501403808594e+00
1.432970905303955078e+01 3.596306610107421875e+01 3.344530105590820312e+01 2.517760992050170898e+00
1.435011959075927734e+01 3.592961883544921875e+01 3.341441345214843750e+01 2.515208244323730469e+00
1.437052726745605469e+01 3.588033294677734375e+01 3.336696243286132812e+01 2.513370513916015625e+00
1.439093780517578125e+01 3.584852600097656250e+01 3.333627319335937500e+01 2.512252092361450195e+00
1.441134452819824219e+01 3.581864547729492188e+01 3.330567932128906250e+01 2.512968301773071289e+00
1.443175506591796875e+01 3.576969146728515625e+01 3.325857543945312500e+01 2.511115074157714844e+00
1.445216274261474609e+01 3.575294876098632812e+01 3.324473953247070312e+01 2.508205652236938477e+00
1.447257328033447266e+01 3.570282363891601562e+01 3.319785308837890625e+01 2.504967927932739258e+00
1.449298000335693359e+01 3.565570068359375000e+01 3.315110778808593750e+01 2.504594087600708008e+00
1.451339054107666016e+01 3.564138031005859375e+01 3.313748168945312500e+01 2.503896713256835938e+00
1.453379821777343750e+01 3.559235763549804688e+01 3.309095382690429688e+01 2.501408100128173828e+00
1.455420494079589844e+01 3.556131744384765625e+01 3.306100082397460938e+01 2.500319242477416992e+00
1.457461547851562500e+01 3.553035354614257812e+01 3.303112411499023438e+01 2.499236345291137695e+00
1.459502315521240234e+01 3.549983978271484375e+01 3.300134277343750000e+01 2.498502731323242188e+00
1.461543273925781250e+01 3.545196151733398438e+01 3.295525741577148438e+01 2.496711015701293945e+00
1.463584041595458984e+01 3.542099380493164062e+01 3.292566299438476562e+01 2.495330572128295898e+00
1.465625095367431641e+01 3.538902282714843750e+01 3.289614105224609375e+01 2.492876768112182617e+00
1.467665767669677734e+01 3.535794830322265625e+01 3.286671829223632812e+01 2.491234302520751953e+00
1.469706821441650391e+01 3.531184768676757812e+01 3.282107543945312500e+01 2.490774154663085938e+00
1.471747589111328125e+01 3.528088378906250000e+01 3.279182815551757812e+01 2.489058494567871094e+00
1.473788642883300781e+01 3.523543930053710938e+01 3.274641418457031250e+01 2.489018917083740234e+00
1.475829315185546875e+01 3.522126388549804688e+01 3.273357009887695312e+01 2.487692356109619141e+00
1.477870082855224609e+01 3.517364501953125000e+01 3.268837356567382812e+01 2.485265016555786133e+00
1.479911136627197266e+01 3.512681961059570312e+01 3.264329147338867188e+01 2.483527421951293945e+00
1.481951808929443359e+01 3.511283874511718750e+01 3.263064575195312500e+01 2.482197284698486328e+00
1.483992862701416016e+01 3.506488037109375000e+01 3.258576965332031250e+01 2.479116916656494141e+00
1.486033630371093750e+01 3.502080154418945312e+01 3.254101943969726562e+01 2.479783535003662109e+00
1.488074684143066406e+01 3.499994659423828125e+01 3.252856063842773438e+01 2.471383333206176758e+00
1.490115356445312500e+01 3.496219253540039062e+01 3.248401260375976562e+01 2.478174924850463867e+00
1.492156410217285156e+01 3.493069839477539062e+01 3.245561981201171875e+01 2.475087165832519531e+00
1.494197177886962891e+01 3.490275573730468750e+01 3.242731475830078125e+01 2.475444793701171875e+00
1.496238231658935547e+01 3.484945678710937500e+01 3.238307952880859375e+01 2.466379642486572266e+00
1.498278903961181641e+01 3.482439422607421875e+01 3.235495376586914062e+01 2.469444274902343750e+00
1.500319957733154297e+01 3.481160736083984375e+01 3.234284973144531250e+01 2.468762397766113281e+00
1.502360725402832031e+01 3.475382995605468750e+01 3.228298187255859375e+01 2.470848560333251953e+00
1.504401397705078125e+01 3.472222900390625000e+01 3.225510025024414062e+01 2.467134475708007812e+00
1.506442451477050781e+01 3.469442749023437500e+01 3.222729110717773438e+01 2.467138290405273438e+00
1.508483123779296875e+01 3.465129470825195312e+01 3.218369674682617188e+01 2.467598676681518555e+00
1.510524177551269531e+01 3.461922454833984375e+01 3.215605545043945312e+01 2.463167190551757812e+00
1.512564945220947266e+01 3.458387374877929688e+01 3.212849807739257812e+01 2.455373525619506836e+00
1.514605998992919922e+01 3.454438400268554688e+01 3.208520126342773438e+01 2.459178447723388672e+00
1.516646671295166016e+01 3.451466751098632812e+01 3.205781173706054688e+01 2.456852436065673828e+00
1.518687725067138672e+01 3.448774337768554688e+01 3.203049468994140625e+01 2.457251071929931641e+00
1.520728492736816406e+01 3.444249343872070312e+01 3.198750877380371094e+01 2.454983472824096680e+00
1.522769546508789062e+01 3.441370010375976562e+01 3.196035385131835938e+01 2.453346252441406250e+00
1.524810218811035156e+01 3.438462829589843750e+01 3.193327903747558594e+01 2.451348304748535156e+00
1.526850986480712891e+01 3.434032058715820312e+01 3.189060020446777344e+01 2.449721097946166992e+00
1.528892040252685547e+01 3.431379699707031250e+01 3.186368942260742188e+01 2.450113773345947266e+00
1.530932712554931641e+01 3.428501510620117188e+01 3.183684921264648438e+01 2.448163032531738281e+00
1.532973766326904297e+01 3.424165344238281250e+01 3.179446029663085938e+01 2.447193622589111328e+00
1.535014533996582031e+01 3.421205520629882812e+01 3.176778411865234375e+01 2.444274902343750000e+00
1.537055587768554688e+01 3.418350601196289062e+01 3.174117660522460938e+01 2.442334651947021484e+00
1.539096260070800781e+01 3.414079284667968750e+01 3.169909095764160156e+01 2.441705226898193359e+00
1.541137313842773438e+01 3.411380004882812500e+01 3.167264175415039062e+01 2.441155433654785156e+00
1.543178081512451172e+01 3.408481216430664062e+01 3.164627075195312500e+01 2.438543796539306641e+00
1.545219039916992188e+01 3.404079818725585938e+01 3.160446929931640625e+01 2.436325550079345703e+00
1.547259807586669922e+01 3.402946090698242188e+01 3.159373092651367188e+01 2.435731649398803711e+00
1.549300575256347656e+01 3.398724365234375000e+01 3.155211448669433594e+01 2.435127735137939453e+00
1.551341533660888672e+01 3.394417190551757812e+01 3.151060295104980469e+01 2.433566093444824219e+00
1.553382301330566406e+01 3.393140411376953125e+01 3.150002670288085938e+01 2.431374788284301758e+00
1.555423355102539062e+01 3.388985824584960938e+01 3.145869255065917969e+01 2.431164741516113281e+00
1.557464027404785156e+01 3.384671783447265625e+01 3.141747283935546875e+01 2.429242849349975586e+00
1.559505081176757812e+01 3.383543014526367188e+01 3.140705680847167969e+01 2.428370475769042969e+00
1.561545848846435547e+01 3.379278945922851562e+01 3.136601066589355469e+01 2.426778793334960938e+00
1.563586902618408203e+01 3.375000762939453125e+01 3.132506561279296875e+01 2.424943208694458008e+00
1.565627574920654297e+01 3.373723220825195312e+01 3.131481742858886719e+01 2.422415256500244141e+00
1.567668342590332031e+01 3.369789123535156250e+01 3.127405548095703125e+01 2.423832178115844727e+00
1.569709396362304688e+01 3.365343856811523438e+01 3.123339080810546875e+01 2.420048713684082031e+00
1.571750068664550781e+01 3.362758636474609375e+01 3.120806884765625000e+01 2.419520378112792969e+00
1.573791122436523438e+01 3.360146331787109375e+01 3.118280410766601562e+01 2.418659687042236328e+00
1.575831890106201172e+01 3.356023406982421875e+01 3.114242172241210938e+01 2.417809963226318359e+00
1.577872943878173828e+01 3.353295898437500000e+01 3.111731147766113281e+01 2.415648937225341797e+00
1.579913616180419922e+01 3.350707626342773438e+01 3.109226799011230469e+01 2.414805889129638672e+00
1.581954383850097656e+01 3.346481704711914062e+01 3.105216026306152344e+01 2.412655353546142578e+00
1.583995437622070312e+01 3.343875885009765625e+01 3.102725982666015625e+01 2.411497354507446289e+00
1.586036109924316406e+01 3.341344070434570312e+01 3.100242996215820312e+01 2.411013841629028320e+00
1.588077163696289062e+01 3.338814163208007812e+01 3.097766304016113281e+01 2.410477638244628906e+00
1.590117931365966797e+01 3.334597778320312500e+01 3.093790626525878906e+01 2.408072710037231445e+00
1.592158889770507812e+01 3.330579757690429688e+01 3.089824676513671875e+01 2.407552719116210938e+00
1.594199657440185547e+01 3.327911376953125000e+01 3.087370681762695312e+01 2.405404090881347656e+00
1.596240711212158203e+01 3.325381469726562500e+01 3.084922599792480469e+01 2.404591083526611328e+00
1.598281383514404297e+01 3.321395874023437500e+01 3.080983924865722656e+01 2.404121875762939453e+00
1.600322532653808594e+01 3.318494033813476562e+01 3.078550338745117188e+01 2.399435043334960938e+00
1.602363204956054688e+01 3.314493942260742188e+01 3.074629783630371094e+01 2.398639917373657227e+00
1.604404258728027344e+01 3.311893081665039062e+01 3.072210311889648438e+01 2.396830081939697266e+00
1.606444931030273438e+01 3.309434127807617188e+01 3.069797897338867188e+01 2.396365642547607422e+00
1.608485603332519531e+01 3.305266952514648438e+01 3.065903091430664062e+01 2.393638849258422852e+00
1.610526657104492188e+01 3.302915954589843750e+01 3.063504028320312500e+01 2.394118547439575195e+00
1.612567520141601562e+01 3.298706436157226562e+01 3.059627342224121094e+01 2.390792608261108398e+00
1.614608573913574219e+01 3.296270370483398438e+01 3.057242202758789062e+01 2.390277862548828125e+00
1.616649246215820312e+01 3.293655395507812500e+01 3.054863739013671875e+01 2.387913227081298828e+00
1.618690299987792969e+01 3.289723205566406250e+01 3.051011848449707031e+01 2.387110710144042969e+00
1.620730972290039062e+01 3.285675811767578125e+01 3.047170066833496094e+01 2.385057926177978516e+00
1.622772026062011719e+01 3.283176803588867188e+01 3.044812583923339844e+01 2.383642435073852539e+00
1.624812698364257812e+01 3.279048919677734375e+01 3.040988159179687500e+01 2.380609035491943359e+00
1.626853752136230469e+01 3.278033447265625000e+01 3.040116310119628906e+01 2.379170179367065430e+00
1.628894615173339844e+01 3.274085617065429688e+01 3.036307525634765625e+01 2.377777099609375000e+00
1.630935287475585938e+01 3.270119476318359375e+01 3.032508468627929688e+01 2.376104831695556641e+00
1.632976341247558594e+01 3.267618179321289062e+01 3.030184173583984375e+01 2.374342203140258789e+00
1.635017013549804688e+01 3.265125274658203125e+01 3.027866172790527344e+01 2.372592926025390625e+00
1.637058067321777344e+01 3.261182785034179688e+01 3.024091148376464844e+01 2.370915651321411133e+00
1.639098739624023438e+01 3.258704376220703125e+01 3.021786308288574219e+01 2.369175910949707031e+00
1.641139793395996094e+01 3.254622650146484375e+01 3.018028068542480469e+01 2.365946292877197266e+00
1.643180465698242188e+01 3.253461456298828125e+01 3.017194175720214844e+01 2.362672090530395508e+00
1.645221519470214844e+01 3.248687362670898438e+01 3.011995506286621094e+01 2.366919040679931641e+00
1.647262382507324219e+01 3.245988845825195312e+01 3.009717941284179688e+01 2.362708568572998047e+00
1.649303436279296875e+01 3.243392181396484375e+01 3.007444572448730469e+01 2.359476566314697266e+00
1.651344108581542969e+01 3.240889358520507812e+01 3.005177497863769531e+01 2.357119560241699219e+00
1.653384780883789062e+01 3.236985015869140625e+01 3.001468276977539062e+01 2.355165719985961914e+00
1.655425834655761719e+01 3.236066818237304688e+01 3.000659751892089844e+01 2.354070901870727539e+00
1.657466506958007812e+01 3.232240295410156250e+01 2.996965408325195312e+01 2.352753639221191406e+00
1.659507560729980469e+01 3.229676055908203125e+01 2.994721794128417969e+01 2.349540472030639648e+00
1.661548423767089844e+01 3.227302169799804688e+01 2.992484474182128906e+01 2.348173856735229492e+00
1.663589477539062500e+01 3.223467254638671875e+01 2.988813018798828125e+01 2.346541166305541992e+00
1.665630149841308594e+01 3.221044158935546875e+01 2.986588668823242188e+01 2.344558238983154297e+00
1.667671203613281250e+01 3.218663406372070312e+01 2.984368705749511719e+01 2.342944860458374023e+00
1.669711875915527344e+01 3.214885330200195312e+01 2.980721092224121094e+01 2.341642856597900391e+00
1.671752929687500000e+01 3.212451171875000000e+01 2.978513908386230469e+01 2.339375019073486328e+00
1.673793601989746094e+01 3.210177993774414062e+01 2.976312828063964844e+01 2.338651180267333984e+00
1.675834465026855469e+01 3.207790756225585938e+01 2.974116897583007812e+01 2.336737632751464844e+00
1.677875518798828125e+01 3.205345535278320312e+01 2.971925735473632812e+01 2.334200620651245117e+00
1.679916191101074219e+01 3.201666259765625000e+01 2.968315505981445312e+01 2.333507776260375977e+00
1.681957244873046875e+01 3.199114227294921875e+01 2.966137123107910156e+01 2.329771995544433594e+00
1.683997917175292969e+01 3.195415687561035156e+01 2.962542533874511719e+01 2.328732252120971680e+00
1.686038970947265625e+01 3.193030166625976562e+01 2.960375976562500000e+01 2.326540946960449219e+00
1.688079643249511719e+01 3.190864944458007812e+01 2.958215141296386719e+01 2.326499700546264648e+00
1.690120697021484375e+01 3.188367652893066406e+01 2.956059074401855469e+01 2.323086023330688477e+00
1.692161369323730469e+01 3.186117744445800781e+01 2.953909111022949219e+01 2.322087049484252930e+00
1.694202423095703125e+01 3.183661651611328125e+01 2.951763343811035156e+01 2.318981647491455078e+00
1.696243286132812500e+01 3.180016326904296875e+01 2.948212051391601562e+01 2.318044185638427734e+00
1.698283958435058594e+01 3.179103279113769531e+01 2.947488594055175781e+01 2.316149473190307617e+00
1.700325012207031250e+01 3.175378417968750000e+01 2.943950462341308594e+01 2.314277887344360352e+00
1.702365684509277344e+01 3.174472236633300781e+01 2.943233871459960938e+01 2.312386751174926758e+00
1.704406738281250000e+01 3.170796775817871094e+01 2.939709281921386719e+01 2.310874462127685547e+00
1.706447410583496094e+01 3.168556785583496094e+01 2.937596702575683594e+01 2.309597730636596680e+00
1.708488464355468750e+01 3.166202545166015625e+01 2.935488510131835938e+01 2.307142257690429688e+00
1.710529327392578125e+01 3.163854026794433594e+01 2.933385658264160156e+01 2.304686784744262695e+00
1.712570381164550781e+01 3.160232543945312500e+01 2.929889678955078125e+01 2.303430795669555664e+00
1.714611053466796875e+01 3.157929229736328125e+01 2.927798461914062500e+01 2.301306009292602539e+00
1.716652107238769531e+01 3.155597496032714844e+01 2.925712203979492188e+01 2.298854589462280273e+00
1.718692779541015625e+01 3.154690170288085938e+01 2.925024032592773438e+01 2.296663999557495117e+00
1.720733833312988281e+01 3.151012420654296875e+01 2.921554374694824219e+01 2.294580936431884766e+00
1.722774505615234375e+01 3.147309494018554688e+01 2.918093872070312500e+01 2.292156219482421875e+00
1.724815368652343750e+01 3.146567535400390625e+01 2.917416954040527344e+01 2.291505575180053711e+00
1.726856231689453125e+01 3.143056488037109375e+01 2.913968849182128906e+01 2.290876388549804688e+00
1.728897094726562500e+01 3.142082595825195312e+01 2.913298797607421875e+01 2.287834405899047852e+00
1.730938148498535156e+01 3.138527870178222656e+01 2.909863471984863281e+01 2.286643743515014648e+00
1.732978820800781250e+01 3.136122894287109375e+01 2.907818222045898438e+01 2.283045291900634766e+00
1.735019874572753906e+01 3.134078979492187500e+01 2.905777168273925781e+01 2.283015966415405273e+00
1.737060546875000000e+01 3.131888961791992188e+01 2.903741836547851562e+01 2.281471252441406250e+00
1.739101600646972656e+01 3.128182601928710938e+01 2.900333976745605469e+01 2.278486490249633789e+00
1.741142272949218750e+01 3.127353858947753906e+01 2.899684143066406250e+01 2.276697158813476562e+00
1.743183326721191406e+01 3.123838233947753906e+01 2.896288871765136719e+01 2.275492906570434570e+00
1.745224189758300781e+01 3.122925567626953125e+01 2.895645713806152344e+01 2.272797822952270508e+00
1.747264862060546875e+01 3.119306564331054688e+01 2.892263793945312500e+01 2.270425319671630859e+00
1.749305915832519531e+01 3.115957450866699219e+01 2.888889312744140625e+01 2.270682334899902344e+00
1.751346588134765625e+01 3.115003776550292969e+01 2.888256645202636719e+01 2.267469406127929688e+00
1.753387641906738281e+01 3.111517333984375000e+01 2.884894561767578125e+01 2.266227960586547852e+00
1.755428314208984375e+01 3.110832405090332031e+01 2.884268188476562500e+01 2.265640258789062500e+00
1.757469367980957031e+01 3.108608055114746094e+01 2.882280540466308594e+01 2.263275861740112305e+00
1.759510231018066406e+01 3.105091094970703125e+01 2.878937530517578125e+01 2.261535167694091797e+00
1.761551284790039062e+01 3.102849388122558594e+01 2.876961135864257812e+01 2.258881807327270508e+00
1.763591957092285156e+01 3.100702285766601562e+01 2.874989509582519531e+01 2.257130146026611328e+00
1.765633010864257812e+01 3.098529052734375000e+01 2.873021888732910156e+01 2.255072116851806641e+00
1.767673683166503906e+01 3.096451950073242188e+01 2.871059226989746094e+01 2.253925800323486328e+00
1.769714355468750000e+01 3.093051147460937500e+01 2.867748451232910156e+01 2.253026962280273438e+00
1.771755409240722656e+01 3.090926361083984375e+01 2.865796089172363281e+01 2.251301288604736328e+00
1.773796081542968750e+01 3.088748931884765625e+01 2.863848495483398438e+01 2.249003648757934570e+00
1.775837135314941406e+01 3.086574172973632812e+01 2.861905097961425781e+01 2.246692180633544922e+00
1.777877998352050781e+01 3.084550094604492188e+01 2.859966850280761719e+01 2.245831489562988281e+00
1.779919052124023438e+01 3.080983543395996094e+01 2.856687164306640625e+01 2.242963790893554688e+00
1.781959724426269531e+01 3.080342292785644531e+01 2.856102371215820312e+01 2.242398977279663086e+00
1.784000778198242188e+01 3.076929283142089844e+01 2.852834892272949219e+01 2.240941762924194336e+00
1.786041450500488281e+01 3.076238822937011719e+01 2.852256011962890625e+01 2.239823818206787109e+00
1.788082504272460938e+01 3.072844886779785156e+01 2.849000167846679688e+01 2.238446950912475586e+00
1.790123176574707031e+01 3.069369506835937500e+01 2.845752334594726562e+01 2.236170530319213867e+00
1.792164039611816406e+01 3.068712425231933594e+01 2.845183563232421875e+01 2.235287904739379883e+00
1.794205093383789062e+01 3.066643333435058594e+01 2.843280982971191406e+01 2.233622550964355469e+00
1.796245765686035156e+01 3.064606857299804688e+01 2.841383552551269531e+01 2.232234001159667969e+00
1.798286819458007812e+01 3.062545585632324219e+01 2.839489746093750000e+01 2.230557441711425781e+00
1.800327491760253906e+01 3.059157562255859375e+01 2.836270904541015625e+01 2.228864908218383789e+00
1.802368545532226562e+01 3.058377456665039062e+01 2.835715675354003906e+01 2.226615190505981445e+00
1.804409217834472656e+01 3.055002975463867188e+01 2.832508468627929688e+01 2.224942684173583984e+00
1.806450271606445312e+01 3.052990913391113281e+01 2.830633354187011719e+01 2.223578453063964844e+00
1.808491134643554688e+01 3.050839805603027344e+01 2.828763008117675781e+01 2.220768451690673828e+00
1.810531997680664062e+01 3.047541427612304688e+01 2.825574111938476562e+01 2.219675779342651367e+00
1.812572860717773438e+01 3.046809196472167969e+01 2.825034332275390625e+01 2.217751502990722656e+00
1.814613533020019531e+01 3.043351364135742188e+01 2.821857070922851562e+01 2.214942693710327148e+00
1.816654586791992188e+01 3.042708396911621094e+01 2.821322441101074219e+01 2.213860988616943359e+00
1.818695259094238281e+01 3.040669822692871094e+01 2.819472885131835938e+01 2.211969375610351562e+00
1.820736312866210938e+01 3.037399291992187500e+01 2.816312217712402344e+01 2.210870742797851562e+00
1.822776985168457031e+01 3.036425018310546875e+01 2.815785980224609375e+01 2.206391096115112305e+00
1.824818038940429688e+01 3.033450698852539062e+01 2.812636566162109375e+01 2.208142042160034180e+00
1.826858901977539062e+01 3.032683181762695312e+01 2.812115287780761719e+01 2.205678462982177734e+00
1.828899955749511719e+01 3.029325485229492188e+01 2.808976936340332031e+01 2.203484535217285156e+00
1.830940628051757812e+01 3.027281379699707031e+01 2.807153892517089844e+01 2.201272487640380859e+00
1.832981681823730469e+01 3.025355339050292969e+01 2.805333900451660156e+01 2.200217008590698242e+00
1.835022354125976562e+01 3.023297500610351562e+01 2.803518486022949219e+01 2.197791814804077148e+00
1.837063026428222656e+01 3.021322441101074219e+01 2.801707649230957031e+01 2.196149587631225586e+00
1.839104080200195312e+01 3.019209289550781250e+01 2.799899864196777344e+01 2.193093776702880859e+00
1.841144943237304688e+01 3.015973663330078125e+01 2.796796417236328125e+01 2.191772460937500000e+00
1.843185997009277344e+01 3.015259361267089844e+01 2.796297264099121094e+01 2.189619779586791992e+00
1.845226669311523438e+01 3.012005043029785156e+01 2.793204689025878906e+01 2.188007354736328125e+00
1.847267723083496094e+01 3.011295318603515625e+01 2.792710113525390625e+01 2.185852289199829102e+00
1.849308395385742188e+01 3.008051872253417969e+01 2.789628219604492188e+01 2.184238910675048828e+00
1.851349449157714844e+01 3.004902458190917969e+01 2.786552619934082031e+01 2.183500766754150391e+00
1.853390121459960938e+01 3.004196548461914062e+01 2.786067962646484375e+01 2.181284427642822266e+00
1.855431175231933594e+01 3.000917053222656250e+01 2.783003044128417969e+01 2.179140090942382812e+00
1.857471847534179688e+01 2.998991775512695312e+01 2.781234359741210938e+01 2.177572488784790039e+00
1.859512901306152344e+01 2.997089767456054688e+01 2.779468917846679688e+01 2.176211118698120117e+00
1.861553764343261719e+01 2.993751907348632812e+01 2.776421737670898438e+01 2.173299312591552734e+00
1.863594436645507812e+01 2.993177032470703125e+01 2.775950813293457031e+01 2.172262907028198242e+00
1.865635490417480469e+01 2.989928054809570312e+01 2.772913742065429688e+01 2.170141696929931641e+00
1.867676162719726562e+01 2.988017845153808594e+01 2.771165657043457031e+01 2.168518304824829102e+00
1.869717216491699219e+01 2.986115455627441406e+01 2.769421195983886719e+01 2.166945219039916992e+00
1.871757888793945312e+01 2.982940483093261719e+01 2.766401863098144531e+01 2.165386915206909180e+00
1.873798942565917969e+01 2.982351493835449219e+01 2.765943336486816406e+01 2.164083242416381836e+00
1.875839805603027344e+01 2.979133987426757812e+01 2.762934303283691406e+01 2.161997795104980469e+00
1.877880859375000000e+01 2.979748535156250000e+01 2.763755798339843750e+01 2.159928798675537109e+00
1.879921531677246094e+01 2.977975463867187500e+01 2.762028884887695312e+01 2.159466266632080078e+00
1.881962585449218750e+01 2.977559852600097656e+01 2.761577415466308594e+01 2.159821987152099609e+00
1.884003257751464844e+01 2.975663185119628906e+01 2.759856796264648438e+01 2.158066272735595703e+00
1.886043930053710938e+01 2.973850250244140625e+01 2.758140182495117188e+01 2.157100200653076172e+00
1.888084983825683594e+01 2.973276329040527344e+01 2.757694244384765625e+01 2.155820846557617188e+00
1.890125846862792969e+01 2.971470260620117188e+01 2.755983352661132812e+01 2.154868125915527344e+00
1.892166900634765625e+01 2.971039772033691406e+01 2.755540657043457031e+01 2.154991388320922852e+00
1.894207572937011719e+01 2.967948532104492188e+01 2.752572059631347656e+01 2.153762102127075195e+00
1.896248626708984375e+01 2.966264343261718750e+01 2.750871467590332031e+01 2.153926849365234375e+00
1.898289299011230469e+01 2.965870285034179688e+01 2.750436782836914062e+01 2.154331207275390625e+00
1.900330352783203125e+01 2.964087677001953125e+01 2.748742294311523438e+01 2.153453826904296875e+00
1.902371025085449219e+01 2.963729286193847656e+01 2.748310470581054688e+01 2.154187440872192383e+00
1.904412078857421875e+01 2.962097930908203125e+01 2.746622276306152344e+01 2.154755830764770508e+00
1.906452751159667969e+01 2.961898612976074219e+01 2.746193504333496094e+01 2.157047033309936523e+00
1.908493614196777344e+01 2.960399436950683594e+01 2.744511222839355469e+01 2.158879518508911133e+00
1.910534667968750000e+01 2.959033393859863281e+01 2.742831993103027344e+01 2.162015914916992188e+00
1.912575340270996094e+01 2.957724380493164062e+01 2.741157341003417969e+01 2.165667772293090820e+00
1.914616394042968750e+01 2.953970718383789062e+01 2.736984634399414062e+01 2.169862508773803711e+00
1.916657066345214844e+01 2.954652404785156250e+01 2.737817764282226562e+01 2.168344736099243164e+00
1.918698120117187500e+01 2.947050285339355469e+01 2.729914665222167969e+01 2.171353578567504883e+00
1.920738792419433594e+01 2.941174697875976562e+01 2.724521636962890625e+01 2.166531085968017578e+00
1.922779846191406250e+01 2.937557029724121094e+01 2.721629524230957031e+01 2.159274101257324219e+00
1.924820709228515625e+01 2.931335067749023438e+01 2.716256332397460938e+01 2.150787830352783203e+00
1.926861763000488281e+01 2.927550697326660156e+01 2.713379096984863281e+01 2.141716957092285156e+00
1.928902435302734375e+01 2.922950935363769531e+01 2.709267425537109375e+01 2.136834383010864258e+00
1.930943107604980469e+01 2.919504356384277344e+01 2.706404304504394531e+01 2.131001472473144531e+00
1.932984161376953125e+01 2.916304588317871094e+01 2.703546524047851562e+01 2.127580165863037109e+00
1.935024833679199219e+01 2.913154411315917969e+01 2.700695228576660156e+01 2.124594449996948242e+00
1.937065887451171875e+01 2.911261177062988281e+01 2.699085426330566406e+01 2.121754884719848633e+00
1.939106750488281250e+01 2.908118438720703125e+01 2.696244812011718750e+01 2.118735790252685547e+00
1.941147613525390625e+01 2.907500648498535156e+01 2.695876502990722656e+01 2.116237640380859375e+00
1.943188476562500000e+01 2.906717109680175781e+01 2.695509147644042969e+01 2.112082004547119141e+00
1.945229530334472656e+01 2.904648971557617188e+01 2.693911361694335938e+01 2.107374429702758789e+00
1.947270202636718750e+01 2.903730392456054688e+01 2.693547248840332031e+01 2.101828575134277344e+00
1.949311256408691406e+01 2.901794052124023438e+01 2.691954803466796875e+01 2.098394155502319336e+00
1.951351928710937500e+01 2.901044654846191406e+01 2.691593170166015625e+01 2.094515323638916016e+00
1.953392601013183594e+01 2.898850059509277344e+01 2.690006637573242188e+01 2.088433742523193359e+00
1.955433654785156250e+01 2.895712089538574219e+01 2.687198829650878906e+01 2.085132360458374023e+00
1.957474517822265625e+01 2.893800354003906250e+01 2.685620689392089844e+01 2.081795692443847656e+00
1.959515571594238281e+01 2.890804100036621094e+01 2.682823371887207031e+01 2.079808235168457031e+00
1.961556243896484375e+01 2.887861633300781250e+01 2.680032348632812500e+01 2.078294038772583008e+00
1.963597297668457031e+01 2.884889030456542969e+01 2.677246475219726562e+01 2.076428890228271484e+00
1.965637969970703125e+01 2.884341049194335938e+01 2.676902580261230469e+01 2.074384689331054688e+00
1.967679023742675781e+01 2.885260200500488281e+01 2.677775573730468750e+01 2.074845314025878906e+00
1.969719696044921875e+01 2.884899330139160156e+01 2.677432060241699219e+01 2.074670314788818359e+00
1.971760749816894531e+01 2.884442710876464844e+01 2.677088546752929688e+01 2.073542118072509766e+00
1.973801612854003906e+01 2.885092353820800781e+01 2.677959251403808594e+01 2.071329593658447266e+00
1.975842666625976562e+01 2.885936927795410156e+01 2.678827857971191406e+01 2.071091890335083008e+00
1.977883338928222656e+01 2.883003234863281250e+01 2.676064109802246094e+01 2.069393396377563477e+00
1.979924011230468750e+01 2.881421470642089844e+01 2.674514770507812500e+01 2.069065809249877930e+00
1.981965065002441406e+01 2.878459930419921875e+01 2.671760368347167969e+01 2.066995859146118164e+00
1.984005737304687500e+01 2.874365997314453125e+01 2.667805671691894531e+01 2.065603494644165039e+00
1.986046791076660156e+01 2.871427917480468750e+01 2.665064048767089844e+01 2.063636064529418945e+00
1.988087463378906250e+01 2.868492507934570312e+01 2.662328529357910156e+01 2.061639308929443359e+00
1.990128517150878906e+01 2.868020439147949219e+01 2.662003898620605469e+01 2.060164213180541992e+00
1.992169380187988281e+01 2.865228271484375000e+01 2.659277153015136719e+01 2.059509992599487305e+00
1.994210433959960938e+01 2.862351226806640625e+01 2.656555366516113281e+01 2.057959079742431641e+00
1.996251106262207031e+01 2.859706687927246094e+01 2.653839492797851562e+01 2.058673620223999023e+00
1.998292160034179688e+01 2.855675125122070312e+01 2.649930763244628906e+01 2.057443380355834961e+00
2.000332832336425781e+01 2.856056976318359375e+01 2.650817489624023438e+01 2.052396774291992188e+00
2.002373504638671875e+01 2.856845283508300781e+01 2.651702690124511719e+01 2.051425695419311523e+00
2.004414558410644531e+01 2.856484413146972656e+01 2.651391220092773438e+01 2.050931215286254883e+00
2.006455421447753906e+01 2.856072616577148438e+01 2.651080703735351562e+01 2.049918889999389648e+00
2.008496475219726562e+01 2.854569244384765625e+01 2.649578857421875000e+01 2.049904346466064453e+00
2.010537147521972656e+01 2.852954483032226562e+01 2.648079872131347656e+01 2.048743724822998047e+00
2.012578201293945312e+01 2.848873901367187500e+01 2.644205093383789062e+01 2.046689033508300781e+00
2.014618873596191406e+01 2.845982933044433594e+01 2.641526412963867188e+01 2.044563770294189453e+00
2.016659927368164062e+01 2.841555976867675781e+01 2.637665557861328125e+01 2.038907289505004883e+00
2.018700599670410156e+01 2.836479187011718750e+01 2.632627677917480469e+01 2.038516283035278320e+00
2.020741653442382812e+01 2.833580398559570312e+01 2.629968643188476562e+01 2.036118030548095703e+00
2.022782516479492188e+01 2.830544853210449219e+01 2.627315521240234375e+01 2.032290935516357422e+00
2.024823188781738281e+01 2.828909111022949219e+01 2.625849533081054688e+01 2.030594348907470703e+00
2.026864242553710938e+01 2.827203941345214844e+01 2.624386405944824219e+01 2.028175592422485352e+00
2.028904914855957031e+01 2.825610923767089844e+01 2.622926902770996094e+01 2.026841402053833008e+00
2.030945968627929688e+01 2.822875022888183594e+01 2.620290756225585938e+01 2.025842666625976562e+00
2.032986640930175781e+01 2.820197677612304688e+01 2.617660713195800781e+01 2.025365114212036133e+00
2.035027694702148438e+01 2.817546081542968750e+01 2.615035247802734375e+01 2.025107145309448242e+00
2.037068367004394531e+01 2.814609146118164062e+01 2.612415695190429688e+01 2.021935939788818359e+00
2.039109420776367188e+01 2.815228080749511719e+01 2.613322639465332031e+01 2.019054412841796875e+00
2.041150283813476562e+01 2.814847183227539062e+01 2.613055229187011719e+01 2.017922878265380859e+00
2.043191337585449219e+01 2.814554405212402344e+01 2.612788391113281250e+01 2.017660856246948242e+00
2.045232009887695312e+01 2.811803054809570312e+01 2.610181427001953125e+01 2.016216993331909180e+00
2.047272682189941406e+01 2.811389923095703125e+01 2.609918212890625000e+01 2.014718055725097656e+00
2.049313735961914062e+01 2.809722900390625000e+01 2.608486938476562500e+01 2.012360811233520508e+00
2.051354408264160156e+01 2.809325981140136719e+01 2.608225822448730469e+01 2.011002779006958008e+00
2.053395462036132812e+01 2.808935737609863281e+01 2.607965278625488281e+01 2.009704113006591797e+00
2.055436325073242188e+01 2.808606910705566406e+01 2.607705116271972656e+01 2.009016275405883789e+00
2.057477378845214844e+01 2.808184242248535156e+01 2.607445144653320312e+01 2.007391214370727539e+00
2.059518051147460938e+01 2.805300521850585938e+01 2.604861450195312500e+01 2.004390478134155273e+00
2.061559104919433594e+01 2.803697204589843750e+01 2.603443908691406250e+01 2.002534389495849609e+00
2.063599777221679688e+01 2.801074409484863281e+01 2.600869560241699219e+01 2.002049207687377930e+00
2.065640830993652344e+01 2.798517990112304688e+01 2.598299598693847656e+01 2.002185344696044922e+00
2.067681503295898438e+01 2.797385406494140625e+01 2.596892929077148438e+01 2.004926919937133789e+00
2.069722366333007812e+01 2.793765258789062500e+01 2.593175888061523438e+01 2.005892038345336914e+00
2.071763229370117188e+01 2.790587043762207031e+01 2.590620994567871094e+01 1.999664306640625000e+00
2.073804092407226562e+01 2.784870910644531250e+01 2.585762786865234375e+01 1.991083025932312012e+00
2.075845146179199219e+01 2.781743240356445312e+01 2.583220291137695312e+01 1.985226035118103027e+00
2.077885818481445312e+01 2.777821350097656250e+01 2.579531478881835938e+01 1.982898592948913574e+00
2.079926872253417969e+01 2.775467872619628906e+01 2.577000045776367188e+01 1.984676599502563477e+00
2.081967544555664062e+01 2.771845626831054688e+01 2.573324203491210938e+01 1.985213398933410645e+00
2.084008598327636719e+01 2.767947006225585938e+01 2.569655418395996094e+01 1.982916116714477539e+00
2.086049270629882812e+01 2.762773895263671875e+01 2.564846038818359375e+01 1.979279398918151855e+00
2.088090324401855469e+01 2.759577178955078125e+01 2.562339019775390625e+01 1.972383260726928711e+00
2.090131187438964844e+01 2.758507728576660156e+01 2.562128067016601562e+01 1.963796854019165039e+00
2.092171859741210938e+01 2.755706977844238281e+01 2.559629058837890625e+01 1.960778117179870605e+00
2.094212913513183594e+01 2.755630683898925781e+01 2.559420585632324219e+01 1.962099075317382812e+00
2.096253585815429688e+01 2.757506561279296875e+01 2.561497116088867188e+01 1.960094928741455078e+00
2.098294639587402344e+01 2.755932617187500000e+01 2.560146331787109375e+01 1.957861900329589844e+00
2.100335311889648438e+01 2.755559158325195312e+01 2.559938240051269531e+01 1.956208109855651855e+00
2.102376365661621094e+01 2.754094696044921875e+01 2.558591651916503906e+01 1.955030322074890137e+00
2.104417228698730469e+01 2.751438522338867188e+01 2.556110382080078125e+01 1.953280091285705566e+00
2.106458282470703125e+01 2.748940086364746094e+01 2.553633689880371094e+01 1.953065514564514160e+00
2.108498954772949219e+01 2.746382713317871094e+01 2.551162147521972656e+01 1.952203154563903809e+00
2.110540008544921875e+01 2.745138549804687500e+01 2.549829483032226562e+01 1.953091382980346680e+00
2.112580680847167969e+01 2.743909454345703125e+01 2.548499679565429688e+01 1.954098224639892578e+00
2.114621734619140625e+01 2.745209121704101562e+01 2.549435997009277344e+01 1.957733869552612305e+00
2.116662406921386719e+01 2.745092391967773438e+01 2.549239921569824219e+01 1.958522558212280273e+00
2.118703079223632812e+01 2.744682121276855469e+01 2.549044227600097656e+01 1.956377029418945312e+00
2.120744132995605469e+01 2.742765235900878906e+01 2.547719764709472656e+01 1.950452804565429688e+00
2.122784996032714844e+01 2.739613723754882812e+01 2.545270538330078125e+01 1.943430900573730469e+00
2.124826049804687500e+01 2.739118766784667969e+01 2.545079231262207031e+01 1.940397024154663086e+00
2.126866722106933594e+01 2.737627220153808594e+01 2.543762779235839844e+01 1.938644409179687500e+00
2.128907775878906250e+01 2.737324333190917969e+01 2.543572807312011719e+01 1.937515854835510254e+00
2.130948448181152344e+01 2.735825729370117188e+01 2.542260169982910156e+01 1.935658097267150879e+00
2.132989501953125000e+01 2.733110237121582031e+01 2.539827537536621094e+01 1.932827353477478027e+00
2.135030174255371094e+01 2.729164886474609375e+01 2.536278724670410156e+01 1.928861141204833984e+00
2.137071228027343750e+01 2.725137710571289062e+01 2.532736015319824219e+01 1.924017429351806641e+00
2.139112091064453125e+01 2.719715499877929688e+01 2.528081893920898438e+01 1.916334152221679688e+00
2.141152763366699219e+01 2.714592742919921875e+01 2.523436164855957031e+01 1.911564826965332031e+00
2.143193817138671875e+01 2.709611892700195312e+01 2.518799209594726562e+01 1.908126235008239746e+00
2.145234489440917969e+01 2.701952552795410156e+01 2.510823249816894531e+01 1.911293506622314453e+00
2.147275543212890625e+01 2.696507072448730469e+01 2.505092048645019531e+01 1.914149284362792969e+00
2.149316215515136719e+01 2.692493247985839844e+01 2.500485801696777344e+01 1.920076489448547363e+00
2.151357269287109375e+01 2.691696929931640625e+01 2.499226379394531250e+01 1.924703478813171387e+00
2.153398132324218750e+01 2.690872383117675781e+01 2.497969627380371094e+01 1.929026246070861816e+00
2.155438995361328125e+01 2.692309761047363281e+01 2.498936271667480469e+01 1.933734297752380371e+00
2.157479858398437500e+01 2.693590736389160156e+01 2.499901390075683594e+01 1.936896324157714844e+00
2.159520912170410156e+01 2.693692970275878906e+01 2.499755859375000000e+01 1.939368963241577148e+00
2.161561584472656250e+01 2.693294906616210938e+01 2.499610519409179688e+01 1.936845183372497559e+00
2.163602256774902344e+01 2.687593269348144531e+01 2.495040130615234375e+01 1.925532341003417969e+00
2.165643310546875000e+01 2.683768081665039062e+01 2.492688560485839844e+01 1.910795688629150391e+00
2.167683982849121094e+01 2.683743095397949219e+01 2.493654823303222656e+01 1.900881767272949219e+00
2.169725036621093750e+01 2.685483169555664062e+01 2.495722579956054688e+01 1.897605180740356445e+00
2.171765899658203125e+01 2.681696701049804688e+01 2.492275047302246094e+01 1.894216299057006836e+00
2.173806953430175781e+01 2.675846672058105469e+01 2.486631202697753906e+01 1.892158031463623047e+00
2.175847625732421875e+01 2.671994400024414062e+01 2.483198738098144531e+01 1.887957334518432617e+00
2.177888679504394531e+01 2.672472763061523438e+01 2.484169197082519531e+01 1.883037090301513672e+00
2.179929351806640625e+01 2.670976257324218750e+01 2.482941627502441406e+01 1.880344390869140625e+00
2.181970405578613281e+01 2.668412590026855469e+01 2.480619049072265625e+01 1.877938866615295410e+00
2.184011077880859375e+01 2.667767524719238281e+01 2.480493736267089844e+01 1.872739911079406738e+00
2.186051940917968750e+01 2.666214561462402344e+01 2.479273033142089844e+01 1.869413852691650391e+00
2.188092994689941406e+01 2.665651130676269531e+01 2.479148674011230469e+01 1.865025639533996582e+00
2.190133666992187500e+01 2.667776489257812500e+01 2.481210708618164062e+01 1.865657091140747070e+00
2.192174720764160156e+01 2.666642379760742188e+01 2.479992485046386719e+01 1.866499185562133789e+00
2.194215393066406250e+01 2.662374687194824219e+01 2.475503921508789062e+01 1.868708968162536621e+00
2.196256446838378906e+01 2.655805206298828125e+01 2.468843650817871094e+01 1.869612693786621094e+00
2.198297119140625000e+01 2.655951881408691406e+01 2.468729782104492188e+01 1.872221231460571289e+00
2.200338172912597656e+01 2.655967521667480469e+01 2.468615341186523438e+01 1.873519301414489746e+00
2.202378845214843750e+01 2.653724479675292969e+01 2.466328239440917969e+01 1.873962640762329102e+00
2.204419898986816406e+01 2.650281906127929688e+01 2.462958526611328125e+01 1.873228788375854492e+00
2.206460762023925781e+01 2.648860549926757812e+01 2.461765670776367188e+01 1.870948672294616699e+00
2.208501434326171875e+01 2.650608444213867188e+01 2.463826751708984375e+01 1.867816567420959473e+00
2.210542488098144531e+01 2.651329231262207031e+01 2.464800453186035156e+01 1.865283727645874023e+00
2.212583160400390625e+01 2.653065490722656250e+01 2.466855239868164062e+01 1.862101316452026367e+00
2.214624214172363281e+01 2.652748870849609375e+01 2.466743469238281250e+01 1.860051393508911133e+00
2.216664886474609375e+01 2.652257347106933594e+01 2.466632461547851562e+01 1.856249451637268066e+00
2.218705940246582031e+01 2.650990867614746094e+01 2.465442466735839844e+01 1.855481505393981934e+00
2.220746803283691406e+01 2.647763633728027344e+01 2.462098693847656250e+01 1.856649875640869141e+00
2.222787857055664062e+01 2.645276069641113281e+01 2.459837913513183594e+01 1.854382514953613281e+00
2.224828529357910156e+01 2.641798210144042969e+01 2.456505584716796875e+01 1.852925777435302734e+00
2.226869583129882812e+01 2.641473960876464844e+01 2.456404304504394531e+01 1.850698590278625488e+00
2.228910255432128906e+01 2.640144348144531250e+01 2.455229187011718750e+01 1.849152207374572754e+00
2.230951309204101562e+01 2.638943481445312500e+01 2.454056167602539062e+01 1.848873138427734375e+00
2.232991981506347656e+01 2.634360313415527344e+01 2.449669265747070312e+01 1.846910715103149414e+00
2.235032844543457031e+01 2.634019851684570312e+01 2.449574661254882812e+01 1.844451069831848145e+00
2.237073898315429688e+01 2.631684684753417969e+01 2.447339630126953125e+01 1.843449592590332031e+00
2.239114570617675781e+01 2.629706573486328125e+01 2.445109176635742188e+01 1.845971822738647461e+00
2.241155624389648438e+01 2.626639366149902344e+01 2.441814231872558594e+01 1.848251581192016602e+00
2.243196296691894531e+01 2.620098876953125000e+01 2.435323905944824219e+01 1.847750186920166016e+00
2.245237350463867188e+01 2.615699386596679688e+01 2.430978012084960938e+01 1.847215056419372559e+00
2.247278022766113281e+01 2.614665412902832031e+01 2.429835510253906250e+01 1.848297119140625000e+00
2.249319076538085938e+01 2.612538528442382812e+01 2.427630615234375000e+01 1.849076509475708008e+00
2.251359748840332031e+01 2.606658172607421875e+01 2.422240447998046875e+01 1.844174861907958984e+00
2.253400802612304688e+01 2.602515029907226562e+01 2.418983840942382812e+01 1.835312008857727051e+00
2.255441665649414062e+01 2.602261352539062500e+01 2.418918037414550781e+01 1.833429455757141113e+00
2.257482337951660156e+01 2.600085830688476562e+01 2.416731262207031250e+01 1.833544254302978516e+00
2.259523391723632812e+01 2.595912742614746094e+01 2.413489151000976562e+01 1.824233770370483398e+00
2.261564064025878906e+01 2.593120193481445312e+01 2.411311149597167969e+01 1.818088889122009277e+00
2.263605117797851562e+01 2.591083908081054688e+01 2.409136962890625000e+01 1.819473981857299805e+00
2.265645790100097656e+01 2.590674209594726562e+01 2.409079933166503906e+01 1.815943360328674316e+00
2.267686843872070312e+01 2.593718719482421875e+01 2.412190055847167969e+01 1.815284729003906250e+00
2.269727706909179688e+01 2.599835968017578125e+01 2.418458747863769531e+01 1.813772439956665039e+00
2.271768760681152344e+01 2.596089363098144531e+01 2.415232276916503906e+01 1.808572769165039062e+00
2.273809432983398438e+01 2.600925827026367188e+01 2.419381904602050781e+01 1.815437912940979004e+00
2.275850486755371094e+01 2.591570663452148438e+01 2.410900497436523438e+01 1.806699037551879883e+00
2.277891159057617188e+01 2.586625289916992188e+01 2.405587959289550781e+01 1.810373306274414062e+00
2.279931831359863281e+01 2.586157226562500000e+01 2.404484558105468750e+01 1.816726207733154297e+00
2.281972885131835938e+01 2.583731651306152344e+01 2.402334022521972656e+01 1.813978433609008789e+00
2.284013748168945312e+01 2.584063529968261719e+01 2.402283859252929688e+01 1.817799568176269531e+00
2.286054801940917969e+01 2.580731582641601562e+01 2.399091529846191406e+01 1.816400289535522461e+00
2.288095474243164062e+01 2.580949592590332031e+01 2.399044799804687500e+01 1.819046854972839355e+00
2.290136528015136719e+01 2.579901885986328125e+01 2.397951507568359375e+01 1.819502353668212891e+00
2.292177200317382812e+01 2.579185295104980469e+01 2.396861457824707031e+01 1.823240399360656738e+00
2.294218254089355469e+01 2.572226905822753906e+01 2.390555000305175781e+01 1.816722393035888672e+00
2.296258926391601562e+01 2.566177368164062500e+01 2.385303115844726562e+01 1.808743357658386230e+00
2.298299980163574219e+01 2.567865943908691406e+01 2.386309242248535156e+01 1.815567493438720703e+00
2.300340652465820312e+01 2.566155433654785156e+01 2.385233306884765625e+01 1.809219121932983398e+00
2.302381515502929688e+01 2.562389564514160156e+01 2.382079315185546875e+01 1.803101420402526855e+00
2.304422569274902344e+01 2.562960243225097656e+01 2.383085823059082031e+01 1.798742294311523438e+00
2.306463241577148438e+01 2.560275077819824219e+01 2.380977439880371094e+01 1.792976021766662598e+00
2.308504295349121094e+01 2.560009956359863281e+01 2.380946350097656250e+01 1.790636777877807617e+00
2.310544967651367188e+01 2.560006523132324219e+01 2.380915641784667969e+01 1.790908694267272949e+00
2.312586021423339844e+01 2.559655761718750000e+01 2.380884552001953125e+01 1.787712812423706055e+00
2.314626693725585938e+01 2.559278297424316406e+01 2.380853843688964844e+01 1.784244537353515625e+00
2.316667747497558594e+01 2.560263633728027344e+01 2.381856346130371094e+01 1.784071922302246094e+00
2.318708610534667969e+01 2.560419845581054688e+01 2.381824684143066406e+01 1.785951614379882812e+00
2.320749664306640625e+01 2.558783721923828125e+01 2.380761909484863281e+01 1.780217528343200684e+00
2.322790336608886719e+01 2.561026382446289062e+01 2.382792663574218750e+01 1.782339572906494141e+00
2.324831008911132812e+01 2.559039878845214844e+01 2.380700874328613281e+01 1.783390760421752930e+00
2.326872062683105469e+01 2.555932807922363281e+01 2.377583885192871094e+01 1.783489823341369629e+00
2.328912734985351562e+01 2.552941322326660156e+01 2.374472618103027344e+01 1.784687280654907227e+00
2.330953788757324219e+01 2.549230194091796875e+01 2.371366310119628906e+01 1.778637886047363281e+00
2.332994651794433594e+01 2.548219299316406250e+01 2.370318031311035156e+01 1.779010772705078125e+00
2.335035514831542969e+01 2.545209693908691406e+01 2.367221260070800781e+01 1.779883146286010742e+00
2.337076377868652344e+01 2.542921447753906250e+01 2.365154075622558594e+01 1.777671933174133301e+00
2.339117431640625000e+01 2.541701698303222656e+01 2.364113807678222656e+01 1.775879502296447754e+00
2.341158103942871094e+01 2.542790985107421875e+01 2.365120506286621094e+01 1.776703715324401855e+00
2.343199157714843750e+01 2.539843368530273438e+01 2.363060379028320312e+01 1.767832756042480469e+00
2.345239830017089844e+01 2.541444015502929688e+01 2.364066505432128906e+01 1.773776054382324219e+00
2.347280502319335938e+01 2.539441871643066406e+01 2.362011146545410156e+01 1.774306893348693848e+00
2.349321556091308594e+01 2.536557197570800781e+01 2.358940315246582031e+01 1.776170372962951660e+00
2.351362419128417969e+01 2.535262870788574219e+01 2.357911109924316406e+01 1.773515224456787109e+00
2.353403472900390625e+01 2.531772422790527344e+01 2.354848861694335938e+01 1.769232153892517090e+00
2.355444145202636719e+01 2.529529762268066406e+01 2.352808570861816406e+01 1.767213582992553711e+00
2.357485198974609375e+01 2.526158523559570312e+01 2.349756050109863281e+01 1.764023661613464355e+00
2.359525871276855469e+01 2.523362922668457031e+01 2.347723579406738281e+01 1.756391525268554688e+00
2.361566925048828125e+01 2.522536087036132812e+01 2.346708297729492188e+01 1.758276581764221191e+00
2.363607597351074219e+01 2.521416282653808594e+01 2.345695304870605469e+01 1.757207632064819336e+00
2.365648651123046875e+01 2.518641471862792969e+01 2.343671226501464844e+01 1.749700784683227539e+00
2.367689514160156250e+01 2.514894104003906250e+01 2.339629173278808594e+01 1.752647399902343750e+00
2.369730567932128906e+01 2.513487625122070312e+01 2.338624191284179688e+01 1.748635053634643555e+00
2.371771240234375000e+01 2.508572578430175781e+01 2.333584022521972656e+01 1.749886274337768555e+00
2.373811912536621094e+01 2.503289985656738281e+01 2.328552436828613281e+01 1.747373342514038086e+00
2.375852966308593750e+01 2.496816444396972656e+01 2.321513748168945312e+01 1.753027439117431641e+00
2.377893638610839844e+01 2.498025512695312500e+01 2.322541999816894531e+01 1.754833936691284180e+00
2.379934692382812500e+01 2.492877197265625000e+01 2.319544029235839844e+01 1.733331441879272461e+00
2.381975364685058594e+01 2.493547439575195312e+01 2.320572090148925781e+01 1.729749917984008789e+00
2.384016418457031250e+01 2.489334869384765625e+01 2.316576957702636719e+01 1.727580785751342773e+00
2.386057281494140625e+01 2.488482475280761719e+01 2.315599060058593750e+01 1.728832483291625977e+00
2.388098335266113281e+01 2.487674140930175781e+01 2.314622306823730469e+01 1.730519771575927734e+00
2.390139007568359375e+01 2.486539840698242188e+01 2.313647651672363281e+01 1.728922128677368164e+00
2.392180061340332031e+01 2.485836219787597656e+01 2.313675117492675781e+01 1.721608400344848633e+00
2.394220733642578125e+01 2.483576965332031250e+01 2.310703086853027344e+01 1.728742003440856934e+00
2.396261405944824219e+01 2.484377861022949219e+01 2.311732292175292969e+01 1.726455211639404297e+00
2.398302459716796875e+01 2.482352066040039062e+01 2.310763168334960938e+01 1.715888381004333496e+00
2.400343322753906250e+01 2.479561996459960938e+01 2.307801055908203125e+01 1.717613458633422852e+00
2.402384376525878906e+01 2.475732040405273438e+01 2.304844093322753906e+01 1.708879232406616211e+00
2.404425048828125000e+01 2.472238349914550781e+01 2.301892280578613281e+01 1.703460216522216797e+00
2.406466102600097656e+01 2.470690155029296875e+01 2.300934600830078125e+01 1.697553992271423340e+00
2.408506774902343750e+01 2.465393447875976562e+01 2.296003150939941406e+01 1.693900465965270996e+00
2.410547828674316406e+01 2.461400604248046875e+01 2.291079902648925781e+01 1.703204631805419922e+00
2.412588500976562500e+01 2.458535385131835938e+01 2.287157630920410156e+01 1.713774919509887695e+00
2.414629554748535156e+01 2.456337738037109375e+01 2.285224342346191406e+01 1.711133718490600586e+00
2.416670417785644531e+01 2.455284309387207031e+01 2.284284973144531250e+01 1.709994554519653320e+00
2.418711090087890625e+01 2.458769607543945312e+01 2.287306594848632812e+01 1.714629054069519043e+00
2.420752143859863281e+01 2.461331367492675781e+01 2.289333534240722656e+01 1.719977617263793945e+00
2.422792816162109375e+01 2.468545341491699219e+01 2.295309829711914062e+01 1.732352614402770996e+00
2.424833869934082031e+01 2.471057319641113281e+01 2.297326850891113281e+01 1.737305402755737305e+00
2.426874542236328125e+01 2.474904251098632812e+01 2.301313591003417969e+01 1.735904455184936523e+00
2.428915596008300781e+01 2.473715400695800781e+01 2.300365638732910156e+01 1.733497619628906250e+00
2.430956268310546875e+01 2.473502731323242188e+01 2.299419212341308594e+01 1.740836501121520996e+00
2.432997322082519531e+01 2.466650009155273438e+01 2.293554306030273438e+01 1.730957388877868652e+00
2.435038185119628906e+01 2.463350677490234375e+01 2.290649032592773438e+01 1.727015972137451172e+00
