# NTRMN  = 68
# NTRANS = 111
-1.196487247943878174e-01 0.000000000000000000e+00 0.000000000000000000e+00 0.000000000000000000e+00
-9.923987835645675659e-02 0.000000000000000000e+00 0.000000000000000000e+00 0.000000000000000000e+00
-7.883103936910629272e-02 0.000000000000000000e+00 0.000000000000000000e+00 0.000000000000000000e+00
-5.842219665646553040e-02 0.000000000000000000e+00 0.000000000000000000e+00 0.000000000000000000e+00
-3.801335394382476807e-02 0.000000000000000000e+00 0.000000000000000000e+00 0.000000000000000000e+00
-1.760451123118400574e-02 0.000000000000000000e+00 0.000000000000000000e+00 0.000000000000000000e+00
2.321236208081245422e-02 0.000000000000000000e+00 0.000000000000000000e+00 0.000000000000000000e+00
4.362120479345321655e-02 0.000000000000000000e+00 0.000000000000000000e+00 0.000000000000000000e+00
6.403004378080368042e-02 0.000000000000000000e+00 0.000000000000000000e+00 0.000000000000000000e+00
1.048477292060852051e-01 0.000000000000000000e+00 0.000000000000000000e+00 0.000000000000000000e+00
1.252557635307312012e-01 0.000000000000000000e+00 0.000000000000000000e+00 0.000000000000000000e+00
1.456646025180816650e-01 0.000000000000000000e+00 0.000000000000000000e+00 0.000000000000000000e+00
1.660734415054321289e-01 0.000000000000000000e+00 0.000000000000000000e+00 0.000000000000000000e+00
2.068911343812942505e-01 0.000000000000000000e+00 0.000000000000000000e+00 0.000000000000000000e+00
2.272991687059402466e-01 0.000000000000000000e+00 0.000000000000000000e+00 0.000000000000000000e+00
2.477080076932907104e-01 0.000000000000000000e+00 0.000000000000000000e+00 0.000000000000000000e+00
2.681168317794799805e-01 0.000000000000000000e+00 0.000000000000000000e+00 0.000000000000000000e+00
2.885257005691528320e-01 0.000000000000000000e+00 0.000000000000000000e+00 0.000000000000000000e+00
3.089345395565032959e-01 0.000000000000000000e+00 0.000000000000000000e+00 0.000000000000000000e+00
3.293433785438537598e-01 0.000000000000000000e+00 0.000000000000000000e+00 0.000000000000000000e+00
3.905690908432006836e-01 0.000000000000000000e+00 0.000000000000000000e+00 0.000000000000000000e+00
4.109779298305511475e-01 0.000000000000000000e+00 0.000000000000000000e+00 0.000000000000000000e+00
4.313867688179016113e-01 0.000000000000000000e+00 0.000000000000000000e+00 0.000000000000000000e+00
4.517956078052520752e-01 0.000000000000000000e+00 0.000000000000000000e+00 0.000000000000000000e+00
4.722036421298980713e-01 0.000000000000000000e+00 0.000000000000000000e+00 0.000000000000000000e+00
4.926124811172485352e-01 0.000000000000000000e+00 0.000000000000000000e+00 0.000000000000000000e+00
5.130213499069213867e-01 0.000000000000000000e+00 0.000000000000000000e+00 0.000000000000000000e+00
5.334301590919494629e-01 0.000000000000000000e+00 0.000000000000000000e+00 0.000000000000000000e+00
5.538390278816223145e-01 0.000000000000000000e+00 0.000000000000000000e+00 0.000000000000000000e+00
5.742470622062683105e-01 0.000000000000000000e+00 0.000000000000000000e+00 0.000000000000000000e+00
5.946558713912963867e-01 0.000000000000000000e+00 0.000000000000000000e+00 0.000000000000000000e+00
6.150647401809692383e-01 0.000000000000000000e+00 0.000000000000000000e+00 0.000000000000000000e+00
6.354735493659973145e-01 0.000000000000000000e+00 0.000000000000000000e+00 0.000000000000000000e+00
6.558824181556701660e-01 0.000000000000000000e+00 0.000000000000000000e+00 0.000000000000000000e+00
6.762912869453430176e-01 0.000000000000000000e+00 0.000000000000000000e+00 0.000000000000000000e+00
6.966992616653442383e-01 0.000000000000000000e+00 0.000000000000000000e+00 0.000000000000000000e+00
7.171081304550170898e-01 0.000000000000000000e+00 0.000000000000000000e+00 0.000000000000000000e+00
7.375169992446899414e-01 0.000000000000000000e+00 0.000000000000000000e+00 0.000000000000000000e+00
7.579258084297180176e-01 0.000000000000000000e+00 0.000000000000000000e+00 0.000000000000000000e+00
7.783346772193908691e-01 0.000000000000000000e+00 0.000000000000000000e+00 0.000000000000000000e+00
7.987434864044189453e-01 0.000000000000000000e+00 0.000000000000000000e+00 0.000000000000000000e+00
8.191515207290649414e-01 0.000000000000000000e+00 0.000000000000000000e+00 0.000000000000000000e+00
8.395603895187377930e-01 0.000000000000000000e+00 0.000000000000000000e+00 0.000000000000000000e+00
8.599691987037658691e-01 0.000000000000000000e+00 0.000000000000000000e+00 0.000000000000000000e+00
8.803780674934387207e-01 0.000000000000000000e+00 0.000000000000000000e+00 0.000000000000000000e+00
9.007868766784667969e-01 0.000000000000000000e+00 0.000000000000000000e+00 0.000000000000000000e+00
9.211949110031127930e-01 0.000000000000000000e+00 0.000000000000000000e+00 0.000000000000000000e+00
9.416037797927856445e-01 0.000000000000000000e+00 0.000000000000000000e+00 0.000000000000000000e+00
9.620125889778137207e-01 0.000000000000000000e+00 0.000000000000000000e+00 0.000000000000000000e+00
9.824214577674865723e-01 0.000000000000000000e+00 0.000000000000000000e+00 0.000000000000000000e+00
1.002830266952514648e+00 0.000000000000000000e+00 0.000000000000000000e+00 0.000000000000000000e+00
1.023239135742187500e+00 0.000000000000000000e+00 0.000000000000000000e+00 0.000000000000000000e+00
1.043647170066833496e+00 0.000000000000000000e+00 0.000000000000000000e+00 0.000000000000000000e+00
1.064056038856506348e+00 0.000000000000000000e+00 0.000000000000000000e+00 0.000000000000000000e+00
1.084464907646179199e+00 0.000000000000000000e+00 0.000000000000000000e+00 0.000000000000000000e+00
1.104873657226562500e+00 0.000000000000000000e+00 0.000000000000000000e+00 0.000000000000000000e+00
1.125282526016235352e+00 0.000000000000000000e+00 0.000000000000000000e+00 0.000000000000000000e+00
1.145691394805908203e+00 0.000000000000000000e+00 0.000000000000000000e+00 0.000000000000000000e+00
1.166099429130554199e+00 0.000000000000000000e+00 0.000000000000000000e+00 0.000000000000000000e+00
1.186508297920227051e+00 0.000000000000000000e+00 0.000000000000000000e+00 0.000000000000000000e+00
1.206917047500610352e+00 0.000000000000000000e+00 0.000000000000000000e+00 0.000000000000000000e+00
1.227325916290283203e+00 0.000000000000000000e+00 0.000000000000000000e+00 0.000000000000000000e+00
1.247734785079956055e+00 0.000000000000000000e+00 0.000000000000000000e+00 0.000000000000000000e+00
1.268142819404602051e+00 0.000000000000000000e+00 0.000000000000000000e+00 0.000000000000000000e+00
1.288551688194274902e+00 0.000000000000000000e+00 0.000000000000000000e+00 0.000000000000000000e+00
1.308960556983947754e+00 0.000000000000000000e+00 0.000000000000000000e+00 0.000000000000000000e+00
1.329369306564331055e+00 0.000000000000000000e+00 0.000000000000000000e+00 0.000000000000000000e+00
1.349778175354003906e+00 0.000000000000000000e+00 0.000000000000000000e+00 0.000000000000000000e+00
1.411003947257995605e+00 0.000000000000000000e+00 0.000000000000000000e+00 0.000000000000000000e+00
1.431412696838378906e+00 0.000000000000000000e+00 0.000000000000000000e+00 0.000000000000000000e+00
1.451821565628051758e+00 0.000000000000000000e+00 0.000000000000000000e+00 0.000000000000000000e+00
1.472230434417724609e+00 0.000000000000000000e+00 0.000000000000000000e+00 0.000000000000000000e+00
1.492639303207397461e+00 0.000000000000000000e+00 0.000000000000000000e+00 0.000000000000000000e+00
1.574273824691772461e+00 0.000000000000000000e+00 0.000000000000000000e+00 0.000000000000000000e+00
1.594682693481445312e+00 0.000000000000000000e+00 0.000000000000000000e+00 0.000000000000000000e+00
1.655908346176147461e+00 0.000000000000000000e+00 0.000000000000000000e+00 0.000000000000000000e+00
1.676317214965820312e+00 0.000000000000000000e+00 0.000000000000000000e+00 0.000000000000000000e+00
1.696726083755493164e+00 0.000000000000000000e+00 0.000000000000000000e+00 0.000000000000000000e+00
1.717134952545166016e+00 0.000000000000000000e+00 0.000000000000000000e+00 0.000000000000000000e+00
1.819178342819213867e+00 3.287195587158203125e+01 3.287195587158203125e+01 0.000000000000000000e+00
1.839587211608886719e+00 3.250726699829101562e+01 3.250726699829101562e+01 0.000000000000000000e+00
1.859995245933532715e+00 3.396533966064453125e+01 3.396533966064453125e+01 0.000000000000000000e+00
1.880403995513916016e+00 3.833257293701171875e+01 3.833257293701171875e+01 0.000000000000000000e+00
1.900812864303588867e+00 4.595606994628906250e+01 4.595606994628906250e+01 0.000000000000000000e+00
1.921221733093261719e+00 5.749214172363281250e+01 5.749214172363281250e+01 0.000000000000000000e+00
1.941630601882934570e+00 6.823088073730468750e+01 6.823088073730468750e+01 0.000000000000000000e+00
1.962038636207580566e+00 7.264566040039062500e+01 7.264566040039062500e+01 0.000000000000000000e+00
1.982447385787963867e+00 7.641403961181640625e+01 7.641403961181640625e+01 0.000000000000000000e+00
2.002856254577636719e+00 8.312961578369140625e+01 8.312961578369140625e+01 0.000000000000000000e+00
2.064081907272338867e+00 1.022939758300781250e+02 1.022939758300781250e+02 0.000000000000000000e+00
2.084490776062011719e+00 1.103995590209960938e+02 1.103995590209960938e+02 0.000000000000000000e+00
2.104899644851684570e+00 1.178248214721679688e+02 1.178248214721679688e+02 0.000000000000000000e+00
2.125308513641357422e+00 1.236769561767578125e+02 1.236769561767578125e+02 0.000000000000000000e+00
2.145717382431030273e+00 1.277442474365234375e+02 1.277442474365234375e+02 0.000000000000000000e+00
2.166126251220703125e+00 1.308507995605468750e+02 1.308507995605468750e+02 0.000000000000000000e+00
2.186535120010375977e+00 1.337898559570312500e+02 1.337898559570312500e+02 0.000000000000000000e+00
2.206943988800048828e+00 1.373253784179687500e+02 1.373253784179687500e+02 0.000000000000000000e+00
2.227352619171142578e+00 1.467074127197265625e+02 1.467074127197265625e+02 0.000000000000000000e+00
2.288577556610107422e+00 1.444623413085937500e+02 1.423642120361328125e+02 2.098122358322143555e+00
2.329395294189453125e+00 1.398734588623046875e+02 1.354505004882812500e+02 4.422944545745849609e+00
2.431439638137817383e+00 1.358133392333984375e+02 1.297658233642578125e+02 6.047511577606201172e+00
2.472257137298583984e+00 1.209458770751953125e+02 1.143574981689453125e+02 6.588379859924316406e+00
2.492664337158203125e+00 1.167749176025390625e+02 1.100599288940429688e+02 6.714989185333251953e+00
2.553890943527221680e+00 1.299326629638671875e+02 1.207318649291992188e+02 9.200798988342285156e+00
2.594708681106567383e+00 1.281602325439453125e+02 1.188326187133789062e+02 9.327621459960937500e+00
2.615117549896240234e+00 1.276177825927734375e+02 1.179052276611328125e+02 9.712560653686523438e+00
2.717159986495971680e+00 1.302532501220703125e+02 1.090721359252929688e+02 2.118113517761230469e+01
2.757977724075317383e+00 1.330610046386718750e+02 1.091938705444335938e+02 2.386712074279785156e+01
2.778386592864990234e+00 1.357649993896484375e+02 1.103735198974609375e+02 2.539149665832519531e+01
2.798795461654663086e+00 1.378013763427734375e+02 1.111937942504882812e+02 2.660760879516601562e+01
2.819204330444335938e+00 1.383768920898437500e+02 1.103039474487304688e+02 2.807292747497558594e+01
2.839613199234008789e+00 1.375972595214843750e+02 1.078250732421875000e+02 2.977219963073730469e+01
2.860022068023681641e+00 1.357032623291015625e+02 1.044608688354492188e+02 3.124237823486328125e+01
2.880430698394775391e+00 1.296068572998046875e+02 9.898347473144531250e+01 3.062340927124023438e+01
2.900839567184448242e+00 1.403840332031250000e+02 1.107483367919921875e+02 2.963570976257324219e+01
2.921248435974121094e+00 1.361981201171875000e+02 1.062869262695312500e+02 2.991119003295898438e+01
3.023291110992431641e+00 1.285597991943359375e+02 9.881958007812500000e+01 2.974020195007324219e+01
3.043699979782104492e+00 1.272988967895507812e+02 9.744911193847656250e+01 2.984980201721191406e+01
3.064108848571777344e+00 1.280699310302734375e+02 9.851884460449218750e+01 2.955106735229492188e+01
3.309013366699218750e+00 1.315671234130859375e+02 9.014216613769531250e+01 4.142493820190429688e+01
3.329421997070312500e+00 1.325791168212890625e+02 9.196234893798828125e+01 4.061679840087890625e+01
3.431464672088623047e+00 1.261511535644531250e+02 8.685567474365234375e+01 3.929546737670898438e+01
3.615144252777099609e+00 1.197440872192382812e+02 8.072099304199218750e+01 3.902309799194335938e+01
3.635553121566772461e+00 1.211150588989257812e+02 8.217741394042968750e+01 3.893766021728515625e+01
3.860048770904541016e+00 1.181102523803710938e+02 7.963071441650390625e+01 3.847953414916992188e+01
3.900864839553833008e+00 1.171479721069335938e+02 7.836793518066406250e+01 3.878001022338867188e+01
3.921273708343505859e+00 1.150363388061523438e+02 7.625067138671875000e+01 3.878567886352539062e+01
4.023317813873291016e+00 1.168100585937500000e+02 7.747026824951171875e+01 3.933980178833007812e+01
4.043726921081542969e+00 1.162325973510742188e+02 7.767127227783203125e+01 3.856132507324218750e+01
4.145769119262695312e+00 1.136358337402343750e+02 7.564400482177734375e+01 3.799181747436523438e+01
4.288630962371826172e+00 1.111256179809570312e+02 7.318000030517578125e+01 3.794562149047851562e+01
4.390673637390136719e+00 1.132302780151367188e+02 7.535034942626953125e+01 3.787992477416992188e+01
4.411082744598388672e+00 1.135965957641601562e+02 7.559870147705078125e+01 3.799789810180664062e+01
4.431491374969482422e+00 1.134113006591796875e+02 7.530455780029296875e+01 3.810676574707031250e+01
4.451900482177734375e+00 1.131915206909179688e+02 7.522820281982421875e+01 3.796332550048828125e+01
4.472309112548828125e+00 1.129470672607421875e+02 7.493843841552734375e+01 3.800860595703125000e+01
4.492718219757080078e+00 1.127547225952148438e+02 7.470457458496093750e+01 3.805014038085937500e+01
4.615169525146484375e+00 1.113260345458984375e+02 7.375991058349609375e+01 3.756610107421875000e+01
4.778439998626708984e+00 1.100088348388671875e+02 7.289290618896484375e+01 3.711592864990234375e+01
4.941709518432617188e+00 1.101159057617187500e+02 7.280986022949218750e+01 3.730603790283203125e+01
4.982526779174804688e+00 1.102972259521484375e+02 7.283798980712890625e+01 3.745926284790039062e+01
5.002935886383056641e+00 1.101509780883789062e+02 7.268441009521484375e+01 3.746659851074218750e+01
5.023344516754150391e+00 1.096772994995117188e+02 7.238910675048828125e+01 3.728820419311523438e+01
5.043751716613769531e+00 1.095667495727539062e+02 7.233352661132812500e+01 3.723320007324218750e+01
5.084569454193115234e+00 1.093369293212890625e+02 7.212950897216796875e+01 3.720742034912109375e+01
5.104978561401367188e+00 1.090566253662109375e+02 7.198182678222656250e+01 3.707480239868164062e+01
5.125387191772460938e+00 1.090238876342773438e+02 7.197544097900390625e+01 3.704845809936523438e+01
5.145796298980712891e+00 1.088925933837890625e+02 7.196911621093750000e+01 3.692346954345703125e+01
5.166204929351806641e+00 1.090878524780273438e+02 7.210183715820312500e+01 3.698602676391601562e+01
5.186613559722900391e+00 1.087505569458007812e+02 7.218737792968750000e+01 3.656317138671875000e+01
5.207022666931152344e+00 1.086514968872070312e+02 7.213430786132812500e+01 3.651720046997070312e+01
5.227431297302246094e+00 1.091612243652343750e+02 7.235643005371093750e+01 3.680480575561523438e+01
5.288656234741210938e+00 1.086647872924804688e+02 7.188091278076171875e+01 3.678388977050781250e+01
5.309065341949462891e+00 1.090389099121093750e+02 7.228095245361328125e+01 3.675798034667968750e+01
5.329473972320556641e+00 1.090095367431640625e+02 7.227366638183593750e+01 3.673588562011718750e+01
5.349883079528808594e+00 1.092126007080078125e+02 7.231118774414062500e+01 3.690142059326171875e+01
5.370291709899902344e+00 1.089776077270507812e+02 7.230384063720703125e+01 3.667377090454101562e+01
5.390700340270996094e+00 1.091399841308593750e+02 7.256299591064453125e+01 3.657698822021484375e+01
5.492744922637939453e+00 1.093215408325195312e+02 7.269675445556640625e+01 3.662480926513671875e+01
5.594787597656250000e+00 1.094199295043945312e+02 7.299680328369140625e+01 3.642312622070312500e+01
5.615196228027343750e+00 1.093781967163085938e+02 7.290202331542968750e+01 3.647618865966796875e+01
5.656013965606689453e+00 1.094228820800781250e+02 7.313776397705078125e+01 3.628512191772460938e+01
5.676422595977783203e+00 1.093393859863281250e+02 7.308567047119140625e+01 3.625373458862304688e+01
5.696831703186035156e+00 1.094925231933593750e+02 7.311798858642578125e+01 3.637454986572265625e+01
5.798874378204345703e+00 1.098309860229492188e+02 7.348263549804687500e+01 3.634836196899414062e+01
5.819283008575439453e+00 1.093145523071289062e+02 7.330720520019531250e+01 3.600735092163085938e+01
5.839691638946533203e+00 1.093617477416992188e+02 7.341994476318359375e+01 3.594181442260742188e+01
5.880509376525878906e+00 1.093374786376953125e+02 7.352095794677734375e+01 3.581650161743164062e+01
5.900918483734130859e+00 1.093099899291992188e+02 7.355066680908203125e+01 3.575933074951171875e+01
5.921327114105224609e+00 1.092462921142578125e+02 7.366101837158203125e+01 3.558526611328125000e+01
5.962143421173095703e+00 1.092375259399414062e+02 7.367872619628906250e+01 3.555879974365234375e+01
5.982552051544189453e+00 1.091741256713867188e+02 7.362744903564453125e+01 3.554668045043945312e+01
6.002961158752441406e+00 1.092822341918945312e+02 7.373603820800781250e+01 3.554621505737304688e+01
6.023369789123535156e+00 1.094380416870117188e+02 7.392337799072265625e+01 3.551465606689453125e+01
6.105005264282226562e+00 1.097239837646484375e+02 7.422888946533203125e+01 3.549511718750000000e+01
6.125413894653320312e+00 1.097764663696289062e+02 7.429422760009765625e+01 3.548222732543945312e+01
6.145823001861572266e+00 1.098097839355468750e+02 7.432017517089843750e+01 3.548962783813476562e+01
6.166231632232666016e+00 1.094659347534179688e+02 7.407419586181640625e+01 3.539172744750976562e+01
6.186640739440917969e+00 1.101940765380859375e+02 7.456503295898437500e+01 3.562906265258789062e+01
6.207047939300537109e+00 1.106822662353515625e+02 7.458985137939453125e+01 3.609239578247070312e+01
6.227456569671630859e+00 1.102896652221679688e+02 7.465293884277343750e+01 3.563673400878906250e+01
6.288682937622070312e+00 1.102665557861328125e+02 7.464939117431640625e+01 3.561714553833007812e+01
6.309092044830322266e+00 1.102973251342773438e+02 7.474941253662109375e+01 3.554791641235351562e+01
6.329500675201416016e+00 1.102825012207031250e+02 7.473531341552734375e+01 3.554719543457031250e+01
6.349909782409667969e+00 1.104178695678710938e+02 7.490981292724609375e+01 3.550806808471679688e+01
6.451952457427978516e+00 1.098285293579101562e+02 7.454134368896484375e+01 3.528718185424804688e+01
6.513178825378417969e+00 1.097294006347656250e+02 7.453897094726562500e+01 3.519043350219726562e+01
6.533587455749511719e+00 1.098080215454101562e+02 7.467253112792968750e+01 3.513551330566406250e+01
6.594814300537109375e+00 1.107069625854492188e+02 7.470526123046875000e+01 3.600166702270507812e+01
6.635632038116455078e+00 1.097912216186523438e+02 7.478688049316406250e+01 3.500433731079101562e+01
6.656040668487548828e+00 1.097278747558593750e+02 7.477336883544921875e+01 3.495450973510742188e+01
6.676447868347167969e+00 1.094165039062500000e+02 7.454481506347656250e+01 3.487168121337890625e+01
6.696856975555419922e+00 1.096610641479492188e+02 7.471084594726562500e+01 3.495020294189453125e+01
6.717265605926513672e+00 1.095116348266601562e+02 7.480460357666015625e+01 3.470700454711914062e+01
6.778491973876953125e+00 1.096772308349609375e+02 7.504715728759765625e+01 3.463008117675781250e+01
6.798901081085205078e+00 1.126564865112304688e+02 7.813165283203125000e+01 3.452482986450195312e+01
6.941761016845703125e+00 1.130212097167968750e+02 7.897219085693359375e+01 3.404901885986328125e+01
6.962170124053955078e+00 1.101223297119140625e+02 7.561169433593750000e+01 3.451062774658203125e+01
6.982578754425048828e+00 1.098261337280273438e+02 7.539070129394531250e+01 3.443542480468750000e+01
7.002987861633300781e+00 1.100546112060546875e+02 7.554701995849609375e+01 3.450757217407226562e+01
7.023396492004394531e+00 1.101040802001953125e+02 7.566833496093750000e+01 3.443574523925781250e+01
7.043805599212646484e+00 1.100953216552734375e+02 7.575497436523437500e+01 3.434034347534179688e+01
7.064214229583740234e+00 1.100904006958007812e+02 7.580721282958984375e+01 3.428317642211914062e+01
7.105031967163085938e+00 1.102401733398437500e+02 7.597818756103515625e+01 3.426197052001953125e+01
7.125439167022705078e+00 1.102027206420898438e+02 7.592857360839843750e+01 3.427416610717773438e+01
7.145847797393798828e+00 1.099257888793945312e+02 7.574520874023437500e+01 3.418057632446289062e+01
7.166256904602050781e+00 1.095183563232421875e+02 7.552949523925781250e+01 3.398885345458984375e+01
7.186665534973144531e+00 1.100351181030273438e+02 7.594790649414062500e+01 3.408721923828125000e+01
7.207074642181396484e+00 1.101006851196289062e+02 7.606499481201171875e+01 3.403571319580078125e+01
7.227483272552490234e+00 1.100548629760742188e+02 7.594957733154296875e+01 3.410529327392578125e+01
7.247892379760742188e+00 1.100828781127929688e+02 7.599995422363281250e+01 3.408290863037109375e+01
7.268301010131835938e+00 1.098452301025390625e+02 7.578654479980468750e+01 3.405868530273437500e+01
7.288710117340087891e+00 1.101123046875000000e+02 7.603415679931640625e+01 3.407815933227539062e+01
7.309118747711181641e+00 1.101331787109375000e+02 7.614937591552734375e+01 3.398376846313476562e+01
7.329527378082275391e+00 1.101518630981445312e+02 7.623130035400390625e+01 3.392055892944335938e+01
7.349936485290527344e+00 1.102336502075195312e+02 7.628018188476562500e+01 3.395347595214843750e+01
7.370343685150146484e+00 1.101256942749023438e+02 7.629633331298828125e+01 3.382934951782226562e+01
7.390752315521240234e+00 1.100938186645507812e+02 7.631238555908203125e+01 3.378142166137695312e+01
7.411161422729492188e+00 1.117365036010742188e+02 7.797571563720703125e+01 3.376078414916992188e+01
7.431570053100585938e+00 1.099905395507812500e+02 7.637643432617187500e+01 3.361412811279296875e+01
7.492796897888183594e+00 1.096877670288085938e+02 7.610377502441406250e+01 3.358399581909179688e+01
7.513205528259277344e+00 1.133485641479492188e+02 7.981616973876953125e+01 3.353240966796875000e+01
7.533614635467529297e+00 1.096343231201171875e+02 7.610453033447265625e+01 3.352980041503906250e+01
7.554023265838623047e+00 1.095995635986328125e+02 7.612075042724609375e+01 3.347883224487304688e+01
7.574431896209716797e+00 1.096030120849609375e+02 7.613688659667968750e+01 3.346612930297851562e+01
7.594839096069335938e+00 1.095919799804687500e+02 7.621598815917968750e+01 3.337602615356445312e+01
7.615248203277587891e+00 1.096761474609375000e+02 7.635752105712890625e+01 3.331863784790039062e+01
7.635656833648681641e+00 1.093954849243164062e+02 7.618479156494140625e+01 3.321070861816406250e+01
7.656065940856933594e+00 1.095869445800781250e+02 7.638819122314453125e+01 3.319873809814453125e+01
7.676474571228027344e+00 1.095595321655273438e+02 7.640339660644531250e+01 3.315612792968750000e+01
7.696883678436279297e+00 1.096854553222656250e+02 7.648073577880859375e+01 3.320471572875976562e+01
7.717292308807373047e+00 1.095672531127929688e+02 7.649561309814453125e+01 3.307162857055664062e+01
7.737701416015625000e+00 1.094923324584960938e+02 7.647947692871093750e+01 3.301283645629882812e+01
7.758110046386718750e+00 1.094913482666015625e+02 7.649428558349609375e+01 3.299705505371093750e+01
7.778518676757812500e+00 1.097395858764648438e+02 7.650901794433593750e+01 3.323058319091796875e+01
7.798927783966064453e+00 1.095187072753906250e+02 7.658505249023437500e+01 3.293366241455078125e+01
7.819334983825683594e+00 1.095182647705078125e+02 7.659948730468750000e+01 3.291875839233398438e+01
7.839743614196777344e+00 1.095950088500976562e+02 7.670544433593750000e+01 3.288954544067382812e+01
7.860152721405029297e+00 1.095735244750976562e+02 7.671946716308593750e+01 3.285407638549804688e+01
7.880561351776123047e+00 1.096297760009765625e+02 7.679418945312500000e+01 3.283559799194335938e+01
7.900970458984375000e+00 1.096932373046875000e+02 7.689880371093750000e+01 3.279447555541992188e+01
7.962196826934814453e+00 1.098290176391601562e+02 7.678852844238281250e+01 3.304050445556640625e+01
7.982605457305908203e+00 1.098190536499023438e+02 7.677214813232421875e+01 3.304692077636718750e+01
8.003014564514160156e+00 1.096843719482421875e+02 7.660628509521484375e+01 3.307807922363281250e+01
8.023423194885253906e+00 1.095688323974609375e+02 7.644125366210937500e+01 3.312759017944335938e+01
8.043831825256347656e+00 1.103485336303710938e+02 7.734846496582031250e+01 3.300006484985351562e+01
8.064239501953125000e+00 1.099381484985351562e+02 7.715272521972656250e+01 3.278543472290039062e+01
8.084648132324218750e+00 1.100527191162109375e+02 7.728366851806640625e+01 3.276905822753906250e+01
8.145874977111816406e+00 1.102266769409179688e+02 7.746688079833984375e+01 3.275979232788085938e+01
8.166283607482910156e+00 1.101746749877929688e+02 7.753710937500000000e+01 3.263756942749023438e+01
8.186692237854003906e+00 1.101410140991210938e+02 7.751926422119140625e+01 3.262174987792968750e+01
8.207100868225097656e+00 1.101899948120117188e+02 7.761818695068359375e+01 3.257181930541992188e+01
8.349961280822753906e+00 1.101795883178710938e+02 7.780970001220703125e+01 3.236989593505859375e+01
8.390779495239257812e+00 1.102014617919921875e+02 7.797326660156250000e+01 3.222818374633789062e+01
8.411188125610351562e+00 1.099742660522460938e+02 7.781253051757812500e+01 3.216174316406250000e+01
8.452005386352539062e+00 1.103025360107421875e+02 7.822981262207031250e+01 3.207273483276367188e+01
8.472414970397949219e+00 1.103191223144531250e+02 7.821089935302734375e+01 3.210823822021484375e+01
8.574457168579101562e+00 1.103936920166015625e+02 7.839689636230468750e+01 3.199682235717773438e+01
8.594865798950195312e+00 1.104179306030273438e+02 7.854497528076171875e+01 3.187293434143066406e+01
8.615275382995605469e+00 1.103730773925781250e+02 7.855341339111328125e+01 3.181966400146484375e+01
8.635684013366699219e+00 1.103568496704101562e+02 7.861726379394531250e+01 3.173958969116210938e+01
8.656092643737792969e+00 1.103643798828125000e+02 7.865314483642578125e+01 3.171121025085449219e+01
8.676501274108886719e+00 1.104858703613281250e+02 7.877163696289062500e+01 3.171422576904296875e+01
8.696909904479980469e+00 1.104649581909179688e+02 7.877946472167968750e+01 3.168548011779785156e+01
8.717319488525390625e+00 1.105462646484375000e+02 7.886964416503906250e+01 3.167661094665527344e+01
8.737728118896484375e+00 1.102575149536132812e+02 7.871282196044921875e+01 3.154470062255859375e+01
8.758134841918945312e+00 1.106169586181640625e+02 7.910342407226562500e+01 3.151353454589843750e+01
8.778544425964355469e+00 1.106111602783203125e+02 7.913768005371093750e+01 3.147348022460937500e+01
8.798953056335449219e+00 1.106192855834960938e+02 7.919898223876953125e+01 3.142029571533203125e+01
8.880588531494140625e+00 1.105892257690429688e+02 7.919877624511718750e+01 3.139043807983398438e+01
8.941814422607421875e+00 1.106315078735351562e+02 7.937932586669921875e+01 3.125218391418457031e+01
8.982630729675292969e+00 1.107190704345703125e+02 7.949835205078125000e+01 3.122072219848632812e+01
9.003039360046386719e+00 1.104950256347656250e+02 7.934472656250000000e+01 3.115028572082519531e+01
9.043857574462890625e+00 1.100263900756835938e+02 7.906602478027343750e+01 3.096037292480468750e+01
9.064266204833984375e+00 1.106718292236328125e+02 7.962749481201171875e+01 3.104435157775878906e+01
9.207128524780273438e+00 1.107745437622070312e+02 7.995200347900390625e+01 3.082251548767089844e+01
9.227535247802734375e+00 1.107251586914062500e+02 8.000867462158203125e+01 3.071649742126464844e+01
9.247943878173828125e+00 1.107728652954101562e+02 8.014273071289062500e+01 3.063010978698730469e+01
9.268353462219238281e+00 1.107355575561523438e+02 8.014706420898437500e+01 3.058849143981933594e+01
9.288762092590332031e+00 1.107808074951171875e+02 8.012560272216796875e+01 3.065521240234375000e+01
9.329579353332519531e+00 1.107967147827148438e+02 8.015993499755859375e+01 3.063679695129394531e+01
9.452031135559082031e+00 1.111418991088867188e+02 8.094500732421875000e+01 3.019691276550292969e+01
9.472439765930175781e+00 1.107863769531250000e+02 8.051787567138671875e+01 3.026849555969238281e+01
9.492848396301269531e+00 1.109738845825195312e+02 8.067259979248046875e+01 3.030129432678222656e+01
9.513257980346679688e+00 1.113831634521484375e+02 8.065052032470703125e+01 3.073263549804687500e+01
9.533666610717773438e+00 1.107998046875000000e+02 8.067875671386718750e+01 3.012103080749511719e+01
9.554075241088867188e+00 1.108913726806640625e+02 8.073191833496093750e+01 3.015947914123535156e+01
9.574483871459960938e+00 1.109742431640625000e+02 8.083486938476562500e+01 3.013939666748046875e+01
9.594892501831054688e+00 1.109914474487304688e+02 8.096231842041015625e+01 3.002914047241210938e+01
9.615302085876464844e+00 1.110812149047851562e+02 8.108924102783203125e+01 2.999197196960449219e+01
9.635710716247558594e+00 1.110631408691406250e+02 8.109140014648437500e+01 2.997174644470214844e+01
9.656119346618652344e+00 1.110288391113281250e+02 8.119272613525390625e+01 2.983611488342285156e+01
9.676527023315429688e+00 1.110581665039062500e+02 8.124414062500000000e+01 2.981402778625488281e+01
9.696935653686523438e+00 1.110549621582031250e+02 8.127065277099609375e+01 2.978429985046386719e+01
9.717344284057617188e+00 1.111056594848632812e+02 8.134631347656250000e+01 2.975935745239257812e+01
9.737752914428710938e+00 1.110904464721679688e+02 8.139707946777343750e+01 2.969338035583496094e+01
9.758161544799804688e+00 1.110448150634765625e+02 8.137403869628906250e+01 2.967079734802246094e+01
9.778571128845214844e+00 1.110456085205078125e+02 8.142453002929687500e+01 2.962107086181640625e+01
9.798979759216308594e+00 1.110484848022460938e+02 8.145039367675781250e+01 2.959809684753417969e+01
9.819388389587402344e+00 1.110511703491210938e+02 8.150051116943359375e+01 2.955064582824707031e+01
9.839797019958496094e+00 1.110016174316406250e+02 8.150177001953125000e+01 2.949985694885253906e+01
9.860206604003906250e+00 1.109777145385742188e+02 8.152730560302734375e+01 2.945038223266601562e+01
9.880615234375000000e+00 1.109738540649414062e+02 8.155273437500000000e+01 2.942112350463867188e+01
9.901023864746093750e+00 1.109350585937500000e+02 8.157806396484375000e+01 2.935697555541992188e+01
9.921431541442871094e+00 1.108881835937500000e+02 8.157916259765625000e+01 2.930900955200195312e+01
9.941840171813964844e+00 1.108619003295898438e+02 8.158025360107421875e+01 2.928163528442382812e+01
9.962248802185058594e+00 1.108306808471679688e+02 8.160536193847656250e+01 2.922531127929687500e+01
9.982657432556152344e+00 1.108280944824218750e+02 8.163037872314453125e+01 2.919772911071777344e+01
1.000306606292724609e+01 1.107830429077148438e+02 8.163134765625000000e+01 2.915170478820800781e+01
1.002347564697265625e+01 1.107407989501953125e+02 8.163232421875000000e+01 2.910847091674804688e+01
1.004388427734375000e+01 1.107298660278320312e+02 8.163328552246093750e+01 2.909657096862792969e+01
1.006429290771484375e+01 1.106758422851562500e+02 8.163424682617187500e+01 2.904159927368164062e+01
1.008470153808593750e+01 1.106506195068359375e+02 8.163520812988281250e+01 2.901539802551269531e+01
1.010511112213134766e+01 1.105993957519531250e+02 8.163616943359375000e+01 2.896322631835937500e+01
1.012551975250244141e+01 1.105853271484375000e+02 8.166075897216796875e+01 2.892456245422363281e+01
1.014592647552490234e+01 1.105646896362304688e+02 8.166166687011718750e+01 2.890303039550781250e+01
1.016633605957031250e+01 1.105285491943359375e+02 8.166256713867187500e+01 2.886597251892089844e+01
1.018674468994140625e+01 1.104913635253906250e+02 8.166345977783203125e+01 2.882790565490722656e+01
1.020715332031250000e+01 1.104801483154296875e+02 8.168781280517578125e+01 2.879233169555664062e+01
1.022756195068359375e+01 1.104241714477539062e+02 8.166523742675781250e+01 2.875891494750976562e+01
1.024797058105468750e+01 1.104097137451171875e+02 8.168948364257812500e+01 2.872023773193359375e+01
1.026838016510009766e+01 1.103922195434570312e+02 8.169031524658203125e+01 2.870192146301269531e+01
1.030919742584228516e+01 1.104692611694335938e+02 8.178485107421875000e+01 2.868443679809570312e+01
1.032960605621337891e+01 1.104673004150390625e+02 8.180867004394531250e+01 2.865864181518554688e+01
1.035001564025878906e+01 1.111939315795898438e+02 8.192491149902343750e+01 2.926902008056640625e+01
1.037042236328125000e+01 1.102828140258789062e+02 8.169444274902343750e+01 2.858834648132324219e+01
1.039083099365234375e+01 1.103318710327148438e+02 8.181045532226562500e+01 2.852142333984375000e+01
1.041123962402343750e+01 1.101245269775390625e+02 8.167307281494140625e+01 2.845147705078125000e+01
1.043164920806884766e+01 1.102765274047851562e+02 8.181162261962890625e+01 2.846490478515625000e+01
1.045205783843994141e+01 1.102840194702148438e+02 8.183509826660156250e+01 2.844890213012695312e+01
1.047246646881103516e+01 1.102347869873046875e+02 8.185849761962890625e+01 2.837628555297851562e+01
1.049287509918212891e+01 1.101830902099609375e+02 8.183615875244140625e+01 2.834692382812500000e+01
1.051328468322753906e+01 1.105198745727539062e+02 8.183669281005859375e+01 2.868317604064941406e+01
1.053369331359863281e+01 1.104800415039062500e+02 8.206447601318359375e+01 2.841556739807128906e+01
1.055410194396972656e+01 1.101225585937500000e+02 8.183774566650390625e+01 2.828481674194335938e+01
1.057451057434082031e+01 1.100668640136718750e+02 8.181562805175781250e+01 2.825123977661132812e+01
1.059491920471191406e+01 1.100324783325195312e+02 8.181619262695312500e+01 2.821626091003417969e+01
1.061532688140869141e+01 1.100108413696289062e+02 8.181677246093750000e+01 2.819405174255371094e+01
1.063573551177978516e+01 1.099770126342773438e+02 8.181732940673828125e+01 2.815969657897949219e+01
1.065614414215087891e+01 1.099462356567382812e+02 8.181788635253906250e+01 2.812833786010742188e+01
1.067655372619628906e+01 1.101574554443359375e+02 8.197538757324218750e+01 2.818207550048828125e+01
1.069696235656738281e+01 1.099145431518554688e+02 8.184137725830078125e+01 2.807315635681152344e+01
1.071737098693847656e+01 1.098797760009765625e+02 8.184188079833984375e+01 2.803791809082031250e+01
1.073777961730957031e+01 1.098470077514648438e+02 8.184238433837890625e+01 2.800462722778320312e+01
1.075818920135498047e+01 1.098128738403320312e+02 8.184288787841796875e+01 2.796999359130859375e+01
1.077859783172607422e+01 1.098004684448242188e+02 8.186560821533203125e+01 2.793484497070312500e+01
1.079900646209716797e+01 1.097690734863281250e+02 8.186606597900390625e+01 2.790299797058105469e+01
1.081941509246826172e+01 1.097848358154296875e+02 8.191077423095703125e+01 2.787408256530761719e+01
1.083982276916503906e+01 1.097557144165039062e+02 8.191115570068359375e+01 2.784456443786621094e+01
1.086023139953613281e+01 1.097563400268554688e+02 8.193357086181640625e+01 2.782278442382812500e+01
1.088064002990722656e+01 1.097229537963867188e+02 8.193389892578125000e+01 2.778905105590820312e+01
1.090104866027832031e+01 1.097022399902343750e+02 8.195619201660156250e+01 2.774604415893554688e+01
1.092145824432373047e+01 1.096730728149414062e+02 8.195647430419921875e+01 2.771662712097167969e+01
1.094186687469482422e+01 1.096671218872070312e+02 8.197863006591796875e+01 2.768848037719726562e+01
1.096227550506591797e+01 1.096628723144531250e+02 8.200070953369140625e+01 2.766215896606445312e+01
1.098268413543701172e+01 1.096381530761718750e+02 8.202272033691406250e+01 2.761543273925781250e+01
1.100309371948242188e+01 1.096275100708007812e+02 8.204462432861328125e+01 2.758288192749023438e+01
1.102350234985351562e+01 1.096348114013671875e+02 8.206645965576171875e+01 2.756835937500000000e+01
1.104391098022460938e+01 1.096294860839843750e+02 8.208821105957031250e+01 2.754125404357910156e+01
1.106431770324707031e+01 1.096125259399414062e+02 8.210990142822265625e+01 2.750261878967285156e+01
1.108472728729248047e+01 1.096133117675781250e+02 8.213149261474609375e+01 2.748180389404296875e+01
1.110513591766357422e+01 1.095937728881835938e+02 8.215300750732421875e+01 2.744074058532714844e+01
1.112554454803466797e+01 1.096106185913085938e+02 8.219596099853515625e+01 2.741464424133300781e+01
1.114595317840576172e+01 1.096025695800781250e+02 8.221727752685546875e+01 2.738527870178222656e+01
1.116636276245117188e+01 1.095775985717773438e+02 8.221707916259765625e+01 2.736052131652832031e+01
1.118677139282226562e+01 1.096040573120117188e+02 8.225968170166015625e+01 2.734439277648925781e+01
1.120718002319335938e+01 1.095740585327148438e+02 8.225940704345703125e+01 2.731462478637695312e+01
1.122758865356445312e+01 1.095890579223632812e+02 8.230177307128906250e+01 2.728728485107421875e+01
1.124799728393554688e+01 1.095811538696289062e+02 8.232270050048828125e+01 2.725846862792968750e+01
1.126840686798095703e+01 1.095617446899414062e+02 8.232231140136718750e+01 2.723943328857421875e+01
1.128881549835205078e+01 1.095490112304687500e+02 8.234313964843750000e+01 2.720587348937988281e+01
1.130922222137451172e+01 1.095293350219726562e+02 8.236389160156250000e+01 2.716543388366699219e+01
1.132963180541992188e+01 1.095487213134765625e+02 8.238455963134765625e+01 2.716415214538574219e+01
1.135004043579101562e+01 1.095204391479492188e+02 8.238407135009765625e+01 2.713637351989746094e+01
1.137044906616210938e+01 1.094987869262695312e+02 8.240462493896484375e+01 2.709416961669921875e+01
1.139085769653320312e+01 1.094926452636718750e+02 8.242510986328125000e+01 2.706753540039062500e+01
1.141126728057861328e+01 1.094621658325195312e+02 8.242454528808593750e+01 2.703763771057128906e+01
1.143167591094970703e+01 1.094532470703125000e+02 8.244493103027343750e+01 2.700831794738769531e+01
1.145208454132080078e+01 1.094214019775390625e+02 8.244432830810546875e+01 2.697710227966308594e+01
1.147249317169189453e+01 1.093862991333007812e+02 8.242286682128906250e+01 2.696343231201171875e+01
1.149290180206298828e+01 1.093731842041015625e+02 8.244312286376953125e+01 2.693005752563476562e+01
1.161535358428955078e+01 1.109427413940429688e+02 8.404718780517578125e+01 2.689558029174804688e+01
1.163576221466064453e+01 1.092164688110351562e+02 8.231558990478515625e+01 2.690089035034179688e+01
1.165617179870605469e+01 1.092445144653320312e+02 8.233576965332031250e+01 2.690876007080078125e+01
1.173780632019042969e+01 1.091138381958007812e+02 8.233419799804687500e+01 2.677966117858886719e+01
1.179903125762939453e+01 1.090960922241210938e+02 8.233303070068359375e+01 2.676305580139160156e+01
1.181944084167480469e+01 1.104465408325195312e+02 8.373017120361328125e+01 2.671635627746582031e+01
1.183984947204589844e+01 1.090256271362304688e+02 8.241313171386718750e+01 2.661250686645507812e+01
1.188066673278808594e+01 1.089670333862304688e+02 8.241208648681640625e+01 2.655495643615722656e+01
1.202352714538574219e+01 1.080839157104492188e+02 8.175144958496093750e+01 2.633248901367187500e+01
1.204393577575683594e+01 1.124296798706054688e+02 8.600563049316406250e+01 2.642405700683593750e+01
1.206434535980224609e+01 1.093718109130859375e+02 8.252652740478515625e+01 2.684529876708984375e+01
1.214597988128662109e+01 1.083999862670898438e+02 8.216894531250000000e+01 2.623103904724121094e+01
1.216638946533203125e+01 1.086616363525390625e+02 8.246398925781250000e+01 2.619764518737792969e+01
1.218679809570312500e+01 1.091378631591796875e+02 8.265984344482421875e+01 2.647803115844726562e+01
1.220720672607421875e+01 1.086715469360351562e+02 8.252164459228515625e+01 2.614989662170410156e+01
1.222761440277099609e+01 1.085144577026367188e+02 8.244264221191406250e+01 2.607181167602539062e+01
1.224802303314208984e+01 1.086304855346679688e+02 8.255936431884765625e+01 2.607111358642578125e+01
1.226843166351318359e+01 1.086594619750976562e+02 8.259763336181640625e+01 2.606183052062988281e+01
1.228884029388427734e+01 1.086617355346679688e+02 8.263578033447265625e+01 2.602598571777343750e+01
1.232965850830078125e+01 1.085824127197265625e+02 8.261463165283203125e+01 2.596778869628906250e+01
1.235006713867187500e+01 1.085751953125000000e+02 8.265255737304687500e+01 2.592263603210449219e+01
1.239088439941406250e+01 1.085361404418945312e+02 8.267007446289062500e+01 2.586605262756347656e+01
1.245211124420166016e+01 1.085012512207031250e+02 8.274421691894531250e+01 2.575703430175781250e+01
1.247251892089843750e+01 1.090930023193359375e+02 8.303109741210937500e+01 2.606190872192382812e+01
1.251333618164062500e+01 1.084001388549804688e+02 8.272198486328125000e+01 2.567815017700195312e+01
1.253374481201171875e+01 1.084050369262695312e+02 8.274008178710937500e+01 2.566494750976562500e+01
1.255415344238281250e+01 1.084783630371093750e+02 8.279627227783203125e+01 2.568211364746093750e+01
1.257456302642822266e+01 1.084487533569335938e+02 8.281419372558593750e+01 2.563455963134765625e+01
1.259497165679931641e+01 1.084303894042968750e+02 8.281304168701171875e+01 2.561734580993652344e+01
1.265619850158691406e+01 1.082709655761718750e+02 8.271506500244140625e+01 2.555590248107910156e+01
1.271742343902587891e+01 1.081914443969726562e+02 8.269333648681640625e+01 2.549811744689941406e+01
1.273783206939697266e+01 1.081518478393554688e+02 8.269239807128906250e+01 2.545944595336914062e+01
1.275824069976806641e+01 1.081522598266601562e+02 8.271022033691406250e+01 2.544207000732421875e+01
1.279905796051025391e+01 1.091994171142578125e+02 8.298886108398437500e+01 2.621057128906250000e+01
1.290110301971435547e+01 1.082305068969726562e+02 8.285201263427734375e+01 2.537848091125488281e+01
1.292150974273681641e+01 1.081611862182617188e+02 8.279526519775390625e+01 2.536589813232421875e+01
1.296232795715332031e+01 1.081182708740234375e+02 8.277462768554687500e+01 2.534364509582519531e+01
1.302355384826660156e+01 1.081850891113281250e+02 8.290017700195312500e+01 2.528491592407226562e+01
1.304396247863769531e+01 1.081227798461914062e+02 8.282552337646484375e+01 2.529724311828613281e+01
1.308478069305419922e+01 1.081403350830078125e+02 8.291477203369140625e+01 2.522557258605957031e+01
1.310518932342529297e+01 1.081423950195312500e+02 8.291351318359375000e+01 2.522886657714843750e+01
1.316641426086425781e+01 1.081208419799804688e+02 8.300068664550781250e+01 2.512015724182128906e+01
1.318682289123535156e+01 1.081500549316406250e+02 8.305375671386718750e+01 2.509631729125976562e+01
1.328886699676513672e+01 1.080808792114257812e+02 8.313657379150390625e+01 2.494429969787597656e+01
1.330927658081054688e+01 1.080900039672851562e+02 8.317098236083984375e+01 2.491904067993164062e+01
1.332968521118164062e+01 1.081056671142578125e+02 8.318730926513671875e+01 2.491834831237792969e+01
1.335009384155273438e+01 1.080439071655273438e+02 8.322151947021484375e+01 2.482240104675292969e+01
1.337050247192382812e+01 1.080479583740234375e+02 8.323773193359375000e+01 2.481023597717285156e+01
1.339091014862060547e+01 1.079785919189453125e+02 8.321813964843750000e+01 2.476046180725097656e+01
1.347254562377929688e+01 1.079420928955078125e+02 8.324694824218750000e+01 2.469514656066894531e+01
1.349295425415039062e+01 1.078601913452148438e+02 8.320974731445312500e+01 2.465045356750488281e+01
1.351336288452148438e+01 1.077341995239257812e+02 8.313721466064453125e+01 2.459699630737304688e+01
1.353377151489257812e+01 1.079159469604492188e+02 8.327718353271484375e+01 2.463874244689941406e+01
1.355418109893798828e+01 1.076915969848632812e+02 8.320477294921875000e+01 2.448681831359863281e+01
1.357458972930908203e+01 1.077181549072265625e+02 8.320311737060546875e+01 2.451502799987792969e+01
1.359499835968017578e+01 1.093635177612304688e+02 8.369451904296875000e+01 2.566900634765625000e+01
1.361540508270263672e+01 1.061681289672851562e+02 8.177568817138671875e+01 2.439244842529296875e+01
1.363581562042236328e+01 1.076243896484375000e+02 8.318066406250000000e+01 2.444373893737792969e+01
1.365622234344482422e+01 1.075386428833007812e+02 8.314400482177734375e+01 2.439463615417480469e+01
1.367663288116455078e+01 1.075935974121093750e+02 8.321246337890625000e+01 2.438112258911132812e+01
1.369704055786132812e+01 1.076217193603515625e+02 8.328073883056640625e+01 2.434098815917968750e+01
1.371745109558105469e+01 1.076550521850585938e+02 8.333134460449218750e+01 2.432371520996093750e+01
1.373785781860351562e+01 1.076288909912109375e+02 8.334696197509765625e+01 2.428192520141601562e+01
1.375826835632324219e+01 1.076196441650390625e+02 8.336251068115234375e+01 2.425712776184082031e+01
1.377867507934570312e+01 1.075939407348632812e+02 8.336067199707031250e+01 2.423327445983886719e+01
1.379908561706542969e+01 1.075984420776367188e+02 8.337615966796875000e+01 2.422227096557617188e+01
1.381949329376220703e+01 1.074908676147460938e+02 8.330500030517578125e+01 2.418587112426757812e+01
1.383990383148193359e+01 1.075386734008789062e+02 8.337242126464843750e+01 2.416622161865234375e+01
1.386031055450439453e+01 1.075304183959960938e+02 8.338783264160156250e+01 2.414260482788085938e+01
1.388071823120117188e+01 1.074967117309570312e+02 8.338596343994140625e+01 2.411075210571289062e+01
1.390112876892089844e+01 1.074844055175781250e+02 8.338407135009765625e+01 2.410034179687500000e+01
1.392153549194335938e+01 1.074593505859375000e+02 8.338221740722656250e+01 2.407714271545410156e+01
1.394194602966308594e+01 1.074563369750976562e+02 8.339751434326171875e+01 2.405883979797363281e+01
1.396235370635986328e+01 1.074301300048828125e+02 8.339563751220703125e+01 2.403450012207031250e+01
1.398276424407958984e+01 1.074187774658203125e+02 8.339374542236328125e+01 2.402504348754882812e+01
1.400317096710205078e+01 1.073877029418945312e+02 8.339187622070312500e+01 2.399580764770507812e+01
1.402358150482177734e+01 1.073636093139648438e+02 8.339000701904296875e+01 2.397359275817871094e+01
1.404398918151855469e+01 1.073438110351562500e+02 8.338816070556640625e+01 2.395564079284667969e+01
1.406439971923828125e+01 1.073386688232421875e+02 8.340331268310546875e+01 2.393533134460449219e+01
1.408480644226074219e+01 1.073343658447265625e+02 8.341844940185546875e+01 2.391589736938476562e+01
1.410521411895751953e+01 1.073143920898437500e+02 8.341655731201171875e+01 2.389784240722656250e+01
1.412562465667724609e+01 1.072812271118164062e+02 8.341465759277343750e+01 2.386654853820800781e+01
1.414603137969970703e+01 1.072696838378906250e+02 8.341278076171875000e+01 2.385690498352050781e+01
1.416644191741943359e+01 1.072481689453125000e+02 8.341088867187500000e+01 2.383728408813476562e+01
1.418684959411621094e+01 1.072280120849609375e+02 8.340902709960937500e+01 2.381899833679199219e+01
1.420725917816162109e+01 1.071949005126953125e+02 8.340715026855468750e+01 2.378774261474609375e+01
1.422766685485839844e+01 1.071673660278320312e+02 8.340529632568359375e+01 2.376206398010253906e+01
1.424807739257812500e+01 1.071576004028320312e+02 8.340343475341796875e+01 2.375416564941406250e+01
1.426848411560058594e+01 1.071259231567382812e+02 8.340158843994140625e+01 2.372430801391601562e+01
1.428889465332031250e+01 1.071074752807617188e+02 8.339973449707031250e+01 2.370772171020507812e+01
1.430930233001708984e+01 1.070722503662109375e+02 8.338117218017578125e+01 2.369107627868652344e+01
1.432970905303955078e+01 1.070700225830078125e+02 8.339607238769531250e+01 2.367396736145019531e+01
1.435011959075927734e+01 1.070505905151367188e+02 8.339422607421875000e+01 2.365636253356933594e+01
1.437052726745605469e+01 1.070052413940429688e+02 8.337576293945312500e+01 2.362946891784667969e+01
1.439093780517578125e+01 1.069873199462890625e+02 8.337395477294921875e+01 2.361337471008300781e+01
1.441134452819824219e+01 1.069787673950195312e+02 8.337216949462890625e+01 2.360660552978515625e+01
1.443175506591796875e+01 1.069310760498046875e+02 8.335379028320312500e+01 2.357728576660156250e+01
1.445216274261474609e+01 1.069320297241210938e+02 8.336859130859375000e+01 2.356343078613281250e+01
1.447257328033447266e+01 1.068856964111328125e+02 8.335027313232421875e+01 2.353541564941406250e+01
1.449298000335693359e+01 1.068787078857421875e+02 8.334853363037109375e+01 2.353016281127929688e+01
1.451339054107666016e+01 1.068435974121093750e+02 8.333028411865234375e+01 2.351331901550292969e+01
1.453379821777343750e+01 1.068159866333007812e+02 8.332858276367187500e+01 2.348740768432617188e+01
1.455420494079589844e+01 1.067969436645507812e+02 8.332687377929687500e+01 2.347008323669433594e+01
1.457461547851562500e+01 1.067879791259765625e+02 8.332515716552734375e+01 2.346282386779785156e+01
1.459502315521240234e+01 1.067462158203125000e+02 8.330706024169921875e+01 2.343918228149414062e+01
1.461543273925781250e+01 1.067278137207031250e+02 8.330538177490234375e+01 2.342243385314941406e+01
1.463584041595458984e+01 1.067080764770507812e+02 8.330372619628906250e+01 2.340434265136718750e+01
1.465625095367431641e+01 1.066900863647460938e+02 8.330204772949218750e+01 2.338805007934570312e+01
1.467665767669677734e+01 1.066650543212890625e+02 8.328408813476562500e+01 2.338098716735839844e+01
1.469706821441650391e+01 1.066437606811523438e+02 8.329873657226562500e+01 2.334504699707031250e+01
1.471747589111328125e+01 1.066102600097656250e+02 8.328083038330078125e+01 2.332942199707031250e+01
1.473788642883300781e+01 1.066016082763671875e+02 8.327919769287109375e+01 2.332239723205566406e+01
1.475829315185546875e+01 1.065756683349609375e+02 8.327758026123046875e+01 2.329807090759277344e+01
1.477870082855224609e+01 1.065391540527343750e+02 8.325978088378906250e+01 2.327937889099121094e+01
1.479911136627197266e+01 1.065191879272460938e+02 8.325817871093750000e+01 2.326100349426269531e+01
1.481951808929443359e+01 1.065015716552734375e+02 8.325660705566406250e+01 2.324495124816894531e+01
1.483992862701416016e+01 1.064815368652343750e+02 8.325502014160156250e+01 2.322650337219238281e+01
1.486033630371093750e+01 1.064636230468750000e+02 8.325346374511718750e+01 2.321016693115234375e+01
1.488074684143066406e+01 1.064335098266601562e+02 8.323578643798828125e+01 2.319770050048828125e+01
1.490115356445312500e+01 1.064310760498046875e+02 8.325032043457031250e+01 2.318074798583984375e+01
1.492156410217285156e+01 1.063956069946289062e+02 8.323270416259765625e+01 2.316290473937988281e+01
1.494197177886962891e+01 1.063659286499023438e+02 8.323117828369140625e+01 2.313474655151367188e+01
1.496238231658935547e+01 1.063459930419921875e+02 8.322963714599609375e+01 2.311633110046386719e+01
1.498278903961181641e+01 1.063510665893554688e+02 8.322812652587890625e+01 2.312294197082519531e+01
1.500319957733154297e+01 1.063232955932617188e+02 8.322659301757812500e+01 2.309670066833496094e+01
1.502360725402832031e+01 1.062950973510742188e+02 8.322507476806640625e+01 2.307000160217285156e+01
1.504401397705078125e+01 1.062765884399414062e+02 8.322357177734375000e+01 2.305302429199218750e+01
1.506442451477050781e+01 1.062587890625000000e+02 8.322204589843750000e+01 2.303676223754882812e+01
1.508483123779296875e+01 1.062326354980468750e+02 8.322055053710937500e+01 2.301208877563476562e+01
1.510524177551269531e+01 1.062111663818359375e+02 8.320319366455078125e+01 2.300795364379882812e+01
1.512564945220947266e+01 1.062026824951171875e+02 8.321755981445312500e+01 2.298511123657226562e+01
1.514605998992919922e+01 1.061758041381835938e+02 8.320024871826171875e+01 2.297553443908691406e+01
1.516646671295166016e+01 1.061659698486328125e+02 8.321456909179687500e+01 2.295136833190917969e+01
1.518687725067138672e+01 1.061218643188476562e+02 8.319731140136718750e+01 2.292456626892089844e+01
1.520728492736816406e+01 1.061040420532226562e+02 8.318011474609375000e+01 2.292394447326660156e+01
1.522769546508789062e+01 1.060921020507812500e+02 8.319438934326171875e+01 2.289771842956542969e+01
1.524810218811035156e+01 1.060613098144531250e+02 8.317724609375000000e+01 2.288405990600585938e+01
1.526850986480712891e+01 1.060347518920898438e+02 8.317583465576171875e+01 2.285888290405273438e+01
1.528892040252685547e+01 1.060281677246093750e+02 8.317440032958984375e+01 2.285376739501953125e+01
1.530932712554931641e+01 1.060040359497070312e+02 8.317298126220703125e+01 2.283105659484863281e+01
1.532973766326904297e+01 1.059602050781250000e+02 8.315593719482421875e+01 2.280425643920898438e+01
1.535014533996582031e+01 1.059479522705078125e+02 8.315454864501953125e+01 2.279343223571777344e+01
1.537055587768554688e+01 1.059182128906250000e+02 8.313758087158203125e+01 2.278064918518066406e+01
1.539096260070800781e+01 1.058922271728515625e+02 8.313623046875000000e+01 2.275600433349609375e+01
1.541137313842773438e+01 1.058773803710937500e+02 8.313486480712890625e+01 2.274250221252441406e+01
1.543178081512451172e+01 1.058570022583007812e+02 8.311799621582031250e+01 2.273903274536132812e+01
1.545219039916992188e+01 1.058333816528320312e+02 8.311666107177734375e+01 2.271672630310058594e+01
1.547259807586669922e+01 1.058106231689453125e+02 8.311534118652343750e+01 2.269525718688964844e+01
1.549300575256347656e+01 1.057960281372070312e+02 8.311401367187500000e+01 2.268203735351562500e+01
1.551341533660888672e+01 1.057652816772460938e+02 8.309725189208984375e+01 2.266803932189941406e+01
1.553382301330566406e+01 1.057533187866210938e+02 8.309597015380859375e+01 2.265734672546386719e+01
1.555423355102539062e+01 1.057144927978515625e+02 8.307926940917968750e+01 2.263524436950683594e+01
1.557464027404785156e+01 1.056988601684570312e+02 8.307801055908203125e+01 2.262084007263183594e+01
1.559505081176757812e+01 1.056852569580078125e+02 8.307673645019531250e+01 2.260851287841796875e+01
1.561545848846435547e+01 1.056598281860351562e+02 8.307546997070312500e+01 2.258434867858886719e+01
1.563586902618408203e+01 1.056288757324218750e+02 8.305889892578125000e+01 2.256996917724609375e+01
1.565627574920654297e+01 1.056167373657226562e+02 8.305766296386718750e+01 2.255909156799316406e+01
1.567668342590332031e+01 1.055791625976562500e+02 8.304116821289062500e+01 2.253802299499511719e+01
1.569709396362304688e+01 1.055779647827148438e+02 8.305519866943359375e+01 2.252274894714355469e+01
1.571750068664550781e+01 1.055416412353515625e+02 8.303874206542968750e+01 2.250288391113281250e+01
1.573791122436523438e+01 1.055263290405273438e+02 8.303752899169921875e+01 2.248879241943359375e+01
1.575831890106201172e+01 1.055111389160156250e+02 8.303633117675781250e+01 2.247479820251464844e+01
1.577872943878173828e+01 1.054861145019531250e+02 8.303511810302734375e+01 2.245099449157714844e+01
1.579913616180419922e+01 1.054728851318359375e+02 8.303392791748046875e+01 2.243895530700683594e+01
1.581954383850097656e+01 1.054409790039062500e+02 8.301761627197265625e+01 2.242336273193359375e+01
1.583995437622070312e+01 1.054191207885742188e+02 8.301643371582031250e+01 2.240267753601074219e+01
1.586036109924316406e+01 1.054057769775390625e+02 8.301528167724609375e+01 2.239049148559570312e+01
1.588077163696289062e+01 1.053909530639648438e+02 8.301410675048828125e+01 2.237685012817382812e+01
1.590117931365966797e+01 1.053674850463867188e+02 8.301294708251953125e+01 2.235454177856445312e+01
1.592158889770507812e+01 1.053358840942382812e+02 8.299674987792968750e+01 2.233913421630859375e+01
1.594199657440185547e+01 1.053279266357421875e+02 8.301062774658203125e+01 2.231731033325195312e+01
1.596240711212158203e+01 1.053091125488281250e+02 8.299446868896484375e+01 2.231463050842285156e+01
1.598281383514404297e+01 1.053003768920898438e+02 8.300832366943359375e+01 2.229204750061035156e+01
1.600322532653808594e+01 1.052612075805664062e+02 8.299221038818359375e+01 2.226899719238281250e+01
1.602363204956054688e+01 1.052563400268554688e+02 8.299109649658203125e+01 2.226522636413574219e+01
1.604404258728027344e+01 1.052488327026367188e+02 8.300489807128906250e+01 2.224394416809082031e+01
1.606444931030273438e+01 1.052104110717773438e+02 8.298885345458984375e+01 2.222156143188476562e+01
1.608485603332519531e+01 1.051856002807617188e+02 8.298774719238281250e+01 2.219785881042480469e+01
1.610526657104492188e+01 1.051740570068359375e+02 8.298661804199218750e+01 2.218742370605468750e+01
1.612567520141601562e+01 1.051602554321289062e+02 8.298551940917968750e+01 2.217475891113281250e+01
1.614608573913574219e+01 1.051372833251953125e+02 8.298440551757812500e+01 2.215288543701171875e+01
1.616649246215820312e+01 1.051330642700195312e+02 8.298330688476562500e+01 2.214976119995117188e+01
1.618690299987792969e+01 1.051105194091796875e+02 8.298219299316406250e+01 2.212833213806152344e+01
1.620730972290039062e+01 1.050878829956054688e+02 8.298110198974609375e+01 2.210679435729980469e+01
1.622772026062011719e+01 1.050513229370117188e+02 8.296524810791015625e+01 2.208608627319335938e+01
1.624812698364257812e+01 1.050479202270507812e+02 8.296417236328125000e+01 2.208374977111816406e+01
1.626853752136230469e+01 1.050392761230468750e+02 8.297780609130859375e+01 2.206145858764648438e+01
1.628894615173339844e+01 1.050044860839843750e+02 8.296202850341796875e+01 2.204246330261230469e+01
1.630935287475585938e+01 1.049919509887695312e+02 8.296097564697265625e+01 2.203096008300781250e+01
1.632976341247558594e+01 1.049804840087890625e+02 8.295989990234375000e+01 2.202058792114257812e+01
1.635017013549804688e+01 1.049448089599609375e+02 8.294420623779296875e+01 2.200057601928710938e+01
1.637058067321777344e+01 1.049317016601562500e+02 8.294315338134765625e+01 2.198854255676269531e+01
1.639098739624023438e+01 1.049253997802734375e+02 8.295671844482421875e+01 2.196865272521972656e+01
1.641139793395996094e+01 1.048995513916015625e+02 8.294107055664062500e+01 2.195849037170410156e+01
1.643180465698242188e+01 1.048783950805664062e+02 8.294004821777343750e+01 2.193836402893066406e+01
1.645221519470214844e+01 1.048518905639648438e+02 8.292445373535156250e+01 2.192745208740234375e+01
1.647262382507324219e+01 1.048446121215820312e+02 8.293798828125000000e+01 2.190662193298339844e+01
1.649303436279296875e+01 1.048104553222656250e+02 8.292243957519531250e+01 2.188801383972167969e+01
1.651344108581542969e+01 1.048052520751953125e+02 8.292144012451171875e+01 2.188382720947265625e+01
1.653384780883789062e+01 1.047862777709960938e+02 8.292044830322265625e+01 2.186579895019531250e+01
1.655425834655761719e+01 1.047649917602539062e+02 8.291944122314453125e+01 2.184556770324707031e+01
1.657466506958007812e+01 1.047456893920898438e+02 8.291844940185546875e+01 2.182722473144531250e+01
1.659507560729980469e+01 1.047409515380859375e+02 8.291744995117187500e+01 2.182351493835449219e+01
1.661548423767089844e+01 1.047186431884765625e+02 8.291646575927734375e+01 2.180219078063964844e+01
1.663589477539062500e+01 1.046864700317382812e+02 8.290107727050781250e+01 2.178538322448730469e+01
1.665630149841308594e+01 1.046857299804687500e+02 8.291448211669921875e+01 2.177122116088867188e+01
1.667671203613281250e+01 1.046720962524414062e+02 8.291348266601562500e+01 2.175859451293945312e+01
1.669711875915527344e+01 1.046373748779296875e+02 8.289817047119140625e+01 2.173919677734375000e+01
1.671752929687500000e+01 1.046243896484375000e+02 8.289720153808593750e+01 2.172716331481933594e+01
1.673793601989746094e+01 1.046241989135742188e+02 8.291054534912109375e+01 2.171365356445312500e+01
1.675834465026855469e+01 1.046039199829101562e+02 8.290957641601562500e+01 2.169436454772949219e+01
1.677875518798828125e+01 1.045914382934570312e+02 8.290859985351562500e+01 2.168283843994140625e+01
1.679916191101074219e+01 1.045829620361328125e+02 8.292188262939453125e+01 2.166110801696777344e+01
1.681957244873046875e+01 1.045703735351562500e+02 8.292089843750000000e+01 2.164948272705078125e+01
1.683997917175292969e+01 1.045250625610351562e+02 8.290568542480468750e+01 2.161939239501953125e+01
1.686038970947265625e+01 1.045090866088867188e+02 8.290471649169921875e+01 2.160437583923339844e+01
1.688079643249511719e+01 1.045217514038085938e+02 8.291794586181640625e+01 2.160379600524902344e+01
1.690120697021484375e+01 1.044814529418945312e+02 8.290280151367187500e+01 2.157864570617675781e+01
1.692161369323730469e+01 1.044834060668945312e+02 8.291600036621093750e+01 2.156742477416992188e+01
1.694202423095703125e+01 1.044458312988281250e+02 8.290088653564453125e+01 2.154495620727539062e+01
1.696243286132812500e+01 1.044382553100585938e+02 8.291405487060546875e+01 2.152421188354492188e+01
1.698283958435058594e+01 1.044482574462890625e+02 8.292718505859375000e+01 2.152110671997070312e+01
1.700325012207031250e+01 1.044109344482421875e+02 8.291210937500000000e+01 2.149882316589355469e+01
1.702365684509277344e+01 1.043896636962890625e+02 8.291116333007812500e+01 2.147849845886230469e+01
1.704406738281250000e+01 1.043682250976562500e+02 8.291018676757812500e+01 2.145805168151855469e+01
1.706447410583496094e+01 1.043600540161132812e+02 8.290924835205078125e+01 2.145081329345703125e+01
1.708488464355468750e+01 1.043399124145507812e+02 8.290827941894531250e+01 2.143163681030273438e+01
1.710529327392578125e+01 1.043176040649414062e+02 8.290733337402343750e+01 2.141027450561523438e+01
1.712570381164550781e+01 1.043133316040039062e+02 8.290637969970703125e+01 2.140694618225097656e+01
1.714611053466796875e+01 1.042907943725585938e+02 8.290543365478515625e+01 2.138535499572753906e+01
1.716652107238769531e+01 1.042826461791992188e+02 8.291841888427734375e+01 2.136424827575683594e+01
1.718692779541015625e+01 1.042790756225585938e+02 8.291747283935546875e+01 2.136159324645996094e+01
1.720733833312988281e+01 1.042570877075195312e+02 8.291649627685546875e+01 2.134056472778320312e+01
1.722774505615234375e+01 1.042217712402343750e+02 8.290166473388671875e+01 2.132009696960449219e+01
1.724815368652343750e+01 1.041954650878906250e+02 8.288684844970703125e+01 2.130860137939453125e+01
1.726856231689453125e+01 1.041975860595703125e+02 8.289978027343750000e+01 2.129782676696777344e+01
1.728897094726562500e+01 1.041435394287109375e+02 8.287116241455078125e+01 2.127239227294921875e+01
1.730938148498535156e+01 1.041505889892578125e+02 8.288407897949218750e+01 2.126648330688476562e+01
1.732978820800781250e+01 1.041378555297851562e+02 8.288317871093750000e+01 2.125466728210449219e+01
1.735019874572753906e+01 1.041195373535156250e+02 8.288226318359375000e+01 2.123726844787597656e+01
1.737060546875000000e+01 1.040982513427734375e+02 8.288136291503906250e+01 2.121687889099121094e+01
1.739101600646972656e+01 1.040867004394531250e+02 8.288044738769531250e+01 2.120624732971191406e+01
1.741142272949218750e+01 1.040633010864257812e+02 8.286579895019531250e+01 2.119749450683593750e+01
1.743183326721191406e+01 1.040277938842773438e+02 8.285116577148437500e+01 2.117660713195800781e+01
1.745224189758300781e+01 1.040186996459960938e+02 8.285031127929687500e+01 2.116838264465332031e+01
1.747264862060546875e+01 1.039839859008789062e+02 8.283575439453125000e+01 2.114825248718261719e+01
1.749305915832519531e+01 1.039732360839843750e+02 8.283489227294921875e+01 2.113836669921875000e+01
1.751346588134765625e+01 1.039481201171875000e+02 8.282039642333984375e+01 2.112771034240722656e+01
1.753387641906738281e+01 1.039279632568359375e+02 8.281954956054687500e+01 2.110841369628906250e+01
1.755428314208984375e+01 1.039105453491210938e+02 8.281873321533203125e+01 2.109182548522949219e+01
1.757469367980957031e+01 1.039079132080078125e+02 8.281789398193359375e+01 2.109002876281738281e+01
1.759510231018066406e+01 1.038742904663085938e+02 8.280346679687500000e+01 2.107084465026855469e+01
1.761551284790039062e+01 1.038545455932617188e+02 8.280265808105468750e+01 2.105189323425292969e+01
1.763591957092285156e+01 1.038515014648437500e+02 8.280186462402343750e+01 2.104964828491210938e+01
1.765633010864257812e+01 1.038192062377929688e+02 8.278750610351562500e+01 2.103169631958007812e+01
1.767673683166503906e+01 1.037865600585937500e+02 8.277318572998046875e+01 2.101339530944824219e+01
1.769714355468750000e+01 1.037873306274414062e+02 8.278594970703125000e+01 2.100137519836425781e+01
1.771755409240722656e+01 1.037680358886718750e+02 8.278515625000000000e+01 2.098287010192871094e+01
1.773796081542968750e+01 1.037564544677734375e+02 8.278438568115234375e+01 2.097203826904296875e+01
1.775837135314941406e+01 1.037446899414062500e+02 8.278359985351562500e+01 2.096109390258789062e+01
1.777877998352050781e+01 1.037246170043945312e+02 8.278283691406250000e+01 2.094177818298339844e+01
1.779919052124023438e+01 1.036977310180664062e+02 8.276860809326171875e+01 2.092910575866699219e+01
1.781959724426269531e+01 1.036781616210937500e+02 8.276786804199218750e+01 2.091030311584472656e+01
1.784000778198242188e+01 1.036516265869140625e+02 8.275368499755859375e+01 2.089795303344726562e+01
1.786041450500488281e+01 1.036411056518554688e+02 8.275294494628906250e+01 2.088815689086914062e+01
1.788082504272460938e+01 1.036183013916015625e+02 8.275221252441406250e+01 2.086611366271972656e+01
1.790123176574707031e+01 1.036041488647460938e+02 8.275148010253906250e+01 2.085266876220703125e+01
1.792164039611816406e+01 1.035826644897460938e+02 8.275076293945312500e+01 2.083191871643066406e+01
1.794205093383789062e+01 1.035717239379882812e+02 8.275001525878906250e+01 2.082172584533691406e+01
1.796245765686035156e+01 1.035436172485351562e+02 8.273596954345703125e+01 2.080763435363769531e+01
1.798286819458007812e+01 1.035230102539062500e+02 8.273525238037109375e+01 2.078774642944335938e+01
1.800327491760253906e+01 1.035076904296875000e+02 8.273454284667968750e+01 2.077314186096191406e+01
1.802368545532226562e+01 1.034947891235351562e+02 8.273383331298828125e+01 2.076094627380371094e+01
1.804409217834472656e+01 1.034595489501953125e+02 8.271986389160156250e+01 2.073968315124511719e+01
1.806450271606445312e+01 1.034460449218750000e+02 8.271916961669921875e+01 2.072685623168945312e+01
1.808491134643554688e+01 1.034190673828125000e+02 8.270524597167968750e+01 2.071382141113281250e+01
1.810531997680664062e+01 1.034101486206054688e+02 8.271778869628906250e+01 2.069235610961914062e+01
1.812572860717773438e+01 1.033980331420898438e+02 8.271710968017578125e+01 2.068092918395996094e+01
1.814613533020019531e+01 1.033803634643554688e+02 8.271643829345703125e+01 2.066392707824707031e+01
1.816654586791992188e+01 1.033614807128906250e+02 8.271573638916015625e+01 2.064574432373046875e+01
1.818695259094238281e+01 1.033346481323242188e+02 8.270190429687500000e+01 2.063274765014648438e+01
1.820736312866210938e+01 1.033216094970703125e+02 8.270122528076171875e+01 2.062037467956542969e+01
1.822776985168457031e+01 1.032589874267578125e+02 8.266117858886718750e+01 2.059778404235839844e+01
1.824818038940429688e+01 1.032870101928710938e+02 8.269990539550781250e+01 2.058708000183105469e+01
1.826858901977539062e+01 1.032483673095703125e+02 8.267304992675781250e+01 2.057530212402343750e+01
1.828899955749511719e+01 1.032266464233398438e+02 8.267241668701171875e+01 2.055423355102539062e+01
1.830940628051757812e+01 1.032055816650390625e+02 8.267178344726562500e+01 2.053380012512207031e+01
1.832981681823730469e+01 1.032012939453125000e+02 8.267115783691406250e+01 2.053014183044433594e+01
1.835022354125976562e+01 1.031664962768554688e+02 8.265748596191406250e+01 2.050903892517089844e+01
1.837063026428222656e+01 1.031463470458984375e+02 8.265688323974609375e+01 2.048945999145507812e+01
1.839104080200195312e+01 1.031423263549804688e+02 8.265627288818359375e+01 2.048605918884277344e+01
1.841144943237304688e+01 1.031081161499023438e+02 8.264266967773437500e+01 2.046545219421386719e+01
1.843185997009277344e+01 1.030891799926757812e+02 8.264207458496093750e+01 2.044711875915527344e+01
1.845226669311523438e+01 1.030780715942382812e+02 8.264147949218750000e+01 2.043660545349121094e+01
1.847267723083496094e+01 1.030525817871093750e+02 8.262793731689453125e+01 2.042465591430664062e+01
1.849308395385742188e+01 1.030198364257812500e+02 8.261441802978515625e+01 2.040542411804199219e+01
1.851349449157714844e+01 1.030083312988281250e+02 8.261384582519531250e+01 2.039449691772460938e+01
1.853390121459960938e+01 1.029828414916992188e+02 8.260039520263671875e+01 2.038246536254882812e+01
1.855431175231933594e+01 1.029632415771484375e+02 8.259983825683593750e+01 2.036341094970703125e+01
1.857471847534179688e+01 1.029399948120117188e+02 8.258641815185546875e+01 2.035357475280761719e+01
1.859512901306152344e+01 1.029281997680664062e+02 8.258589172363281250e+01 2.034230041503906250e+01
1.861553764343261719e+01 1.029026489257812500e+02 8.258536529541015625e+01 2.031730270385742188e+01
1.863594436645507812e+01 1.028871612548828125e+02 8.257201385498046875e+01 2.031512069702148438e+01
1.865635490417480469e+01 1.028681945800781250e+02 8.257149505615234375e+01 2.029668807983398438e+01
1.867676162719726562e+01 1.028579940795898438e+02 8.257099914550781250e+01 2.028699111938476562e+01
1.869717216491699219e+01 1.028463592529296875e+02 8.257048034667968750e+01 2.027588844299316406e+01
1.871757888793945312e+01 1.028294448852539062e+02 8.256999206542968750e+01 2.025944709777832031e+01
1.873798942565917969e+01 1.028134918212890625e+02 8.256948089599609375e+01 2.024402809143066406e+01
1.875839805603027344e+01 1.028119354248046875e+02 8.256898498535156250e+01 2.024295043945312500e+01
1.877880859375000000e+01 1.027979431152343750e+02 8.256848144531250000e+01 2.022944641113281250e+01
1.879921531677246094e+01 1.027801742553710938e+02 8.256798553466796875e+01 2.021218872070312500e+01
1.881962585449218750e+01 1.027824096679687500e+02 8.258020019531250000e+01 2.020218658447265625e+01
1.884003257751464844e+01 1.027628707885742188e+02 8.257969665527343750e+01 2.018319511413574219e+01
1.886043930053710938e+01 1.027508468627929688e+02 8.257919311523437500e+01 2.017164802551269531e+01
1.888084983825683594e+01 1.027515716552734375e+02 8.259136199951171875e+01 2.016020584106445312e+01
1.890125846862792969e+01 1.027447128295898438e+02 8.260350799560546875e+01 2.014119529724121094e+01
1.892166900634765625e+01 1.027380676269531250e+02 8.261561584472656250e+01 2.012245178222656250e+01
1.894207572937011719e+01 1.027479095458984375e+02 8.262771606445312500e+01 2.012021446228027344e+01
1.896248626708984375e+01 1.027549133300781250e+02 8.265239715576171875e+01 2.010253715515136719e+01
1.898289299011230469e+01 1.027826995849609375e+02 8.268965911865234375e+01 2.009304237365722656e+01
1.900330352783203125e+01 1.027982482910156250e+02 8.271421813964843750e+01 2.008401679992675781e+01
1.902371025085449219e+01 1.028458633422851562e+02 8.277650451660156250e+01 2.006936454772949219e+01
1.904412078857421875e+01 1.028898162841796875e+02 8.282605743408203125e+01 2.006375885009765625e+01
1.906452751159667969e+01 1.029365005493164062e+02 8.287551879882812500e+01 2.006098365783691406e+01
1.908493614196777344e+01 1.029981307983398438e+02 8.293742370605468750e+01 2.006068229675292969e+01
1.910534667968750000e+01 1.030703353881835938e+02 8.301171112060546875e+01 2.005860519409179688e+01
1.912575340270996094e+01 1.031370544433593750e+02 8.306082153320312500e+01 2.007625198364257812e+01
1.914616394042968750e+01 1.031768035888671875e+02 8.308480834960937500e+01 2.009200668334960938e+01
1.916657066345214844e+01 1.031711120605468750e+02 8.305879974365234375e+01 2.011230468750000000e+01
1.918698120117187500e+01 1.031049270629882812e+02 8.298291778564453125e+01 2.012202835083007812e+01
1.920738792419433594e+01 1.029917068481445312e+02 8.286982727050781250e+01 2.012188148498535156e+01
1.922779846191406250e+01 1.028617401123046875e+02 8.274449920654296875e+01 2.011726951599121094e+01
1.924820709228515625e+01 1.027269210815429688e+02 8.263190460205078125e+01 2.009501647949218750e+01
1.926861763000488281e+01 1.026097335815429688e+02 8.254437255859375000e+01 2.006535148620605469e+01
1.928902435302734375e+01 1.025151290893554688e+02 8.248186492919921875e+01 2.003325462341308594e+01
1.930943107604980469e+01 1.024352722167968750e+02 8.241949462890625000e+01 2.001578712463378906e+01
1.932984161376953125e+01 1.023673248291015625e+02 8.236962127685546875e+01 1.999772644042968750e+01
1.935024833679199219e+01 1.023068084716796875e+02 8.231986236572265625e+01 1.998693084716796875e+01
1.937065887451171875e+01 1.022482757568359375e+02 8.227020263671875000e+01 1.997805023193359375e+01
1.939106750488281250e+01 1.022140197753906250e+02 8.224534606933593750e+01 1.996868133544921875e+01
1.941147613525390625e+01 1.022266464233398438e+02 8.225752258300781250e+01 1.996912956237792969e+01
1.943188476562500000e+01 1.022198562622070312e+02 8.226969909667968750e+01 1.995017051696777344e+01
1.945229530334472656e+01 1.021987075805664062e+02 8.228182983398437500e+01 1.991687965393066406e+01
1.947270202636718750e+01 1.021258697509765625e+02 8.225707244873046875e+01 1.986880111694335938e+01
1.949311256408691406e+01 1.020226745605468750e+02 8.222006988525390625e+01 1.980260086059570312e+01
1.951351928710937500e+01 1.019948501586914062e+02 8.223221588134765625e+01 1.976263809204101562e+01
1.953392601013183594e+01 1.019938049316406250e+02 8.225659942626953125e+01 1.973719596862792969e+01
1.955433654785156250e+01 1.019437026977539062e+02 8.223195648193359375e+01 1.971175193786621094e+01
1.957474517822265625e+01 1.018680038452148438e+02 8.218291473388671875e+01 1.968507957458496094e+01
1.959515571594238281e+01 1.018401107788085938e+02 8.215840148925781250e+01 1.968170547485351562e+01
1.961556243896484375e+01 1.017840194702148438e+02 8.212174987792968750e+01 1.966225051879882812e+01
1.963597297668457031e+01 1.017483367919921875e+02 8.209735107421875000e+01 1.965099143981933594e+01
1.965637969970703125e+01 1.016864089965820312e+02 8.204864501953125000e+01 1.963776206970214844e+01
1.967679023742675781e+01 1.016131134033203125e+02 8.200003814697265625e+01 1.961308860778808594e+01
1.969719696044921875e+01 1.015590972900390625e+02 8.196369171142578125e+01 1.959543991088867188e+01
1.971760749816894531e+01 1.015425643920898438e+02 8.195169067382812500e+01 1.959089088439941406e+01
1.973801612854003906e+01 1.015886001586914062e+02 8.200038146972656250e+01 1.958823013305664062e+01
1.975842666625976562e+01 1.016272201538085938e+02 8.203682708740234375e+01 1.959038162231445312e+01
1.977883338928222656e+01 1.016174087524414062e+02 8.202481079101562500e+01 1.959259033203125000e+01
1.979924011230468750e+01 1.015876312255859375e+02 8.201281738281250000e+01 1.957481765747070312e+01
1.981965065002441406e+01 1.015520858764648438e+02 8.200082397460937500e+01 1.955126190185546875e+01
1.984005737304687500e+01 1.015173263549804688e+02 8.198887634277343750e+01 1.952842903137207031e+01
1.986046791076660156e+01 1.014718475341796875e+02 8.197693634033203125e+01 1.949490737915039062e+01
1.988087463378906250e+01 1.014425735473632812e+02 8.196504211425781250e+01 1.947754096984863281e+01
1.990128517150878906e+01 1.013890838623046875e+02 8.194111633300781250e+01 1.944795036315917969e+01
1.992169380187988281e+01 1.013581695556640625e+02 8.192928314208984375e+01 1.942888641357421875e+01
1.994210433959960938e+01 1.013420562744140625e+02 8.192945861816406250e+01 1.941259574890136719e+01
1.996251106262207031e+01 1.012968750000000000e+02 8.190567016601562500e+01 1.939122962951660156e+01
1.998292160034179688e+01 1.012221527099609375e+02 8.185794830322265625e+01 1.936421966552734375e+01
2.000332832336425781e+01 1.011547546386718750e+02 8.181033325195312500e+01 1.934440994262695312e+01
2.002373504638671875e+01 1.011313781738281250e+02 8.178673553466796875e+01 1.934463500976562500e+01
2.004414558410644531e+01 1.011378631591796875e+02 8.178705596923828125e+01 1.935080718994140625e+01
2.006455421447753906e+01 1.011436538696289062e+02 8.178739166259765625e+01 1.935624313354492188e+01
2.008496475219726562e+01 1.011541290283203125e+02 8.179963684082031250e+01 1.935450172424316406e+01
2.010537147521972656e+01 1.011603240966796875e+02 8.181185913085937500e+01 1.934847259521484375e+01
2.012578201293945312e+01 1.011367797851562500e+02 8.180025482177734375e+01 1.933653450012207031e+01
2.014618873596191406e+01 1.010949630737304688e+02 8.177680969238281250e+01 1.931813049316406250e+01
2.016659927368164062e+01 1.010205688476562500e+02 8.172965240478515625e+01 1.929090499877929688e+01
2.018700599670410156e+01 1.009545440673828125e+02 8.168260955810546875e+01 1.927193260192871094e+01
2.020741653442382812e+01 1.008967666625976562e+02 8.164749908447265625e+01 1.924926757812500000e+01
2.022782516479492188e+01 1.008537063598632812e+02 8.162429809570312500e+01 1.922940063476562500e+01
2.024823188781738281e+01 1.008202514648437500e+02 8.161296844482421875e+01 1.920730400085449219e+01
2.026864242553710938e+01 1.007943344116210938e+02 8.160165405273437500e+01 1.919265937805175781e+01
2.028904914855957031e+01 1.007697982788085938e+02 8.159036254882812500e+01 1.917944335937500000e+01
2.030945968627929688e+01 1.007572021484375000e+02 8.159087371826171875e+01 1.916632652282714844e+01
2.032986640930175781e+01 1.007451248168945312e+02 8.159140777587890625e+01 1.915371894836425781e+01
2.035027694702148438e+01 1.007416992187500000e+02 8.159191894531250000e+01 1.914977455139160156e+01
2.037068367004394531e+01 1.006948928833007812e+02 8.156893920898437500e+01 1.912596130371093750e+01
2.039109420776367188e+01 1.006569824218750000e+02 8.154599761962890625e+01 1.911098861694335938e+01
2.041150283813476562e+01 1.006604309082031250e+02 8.155828857421875000e+01 1.910213470458984375e+01
2.043191337585449219e+01 1.006331787109375000e+02 8.154711151123046875e+01 1.908607101440429688e+01
2.045232009887695312e+01 1.005965118408203125e+02 8.152426910400390625e+01 1.907223701477050781e+01
2.047272682189941406e+01 1.005780029296875000e+02 8.151317596435546875e+01 1.906480407714843750e+01
2.049313735961914062e+01 1.005363693237304688e+02 8.149039459228515625e+01 1.904596328735351562e+01
2.051354408264160156e+01 1.005189514160156250e+02 8.149101257324218750e+01 1.902792739868164062e+01
2.053395462036132812e+01 1.005181732177734375e+02 8.149162292480468750e+01 1.902652740478515625e+01
2.055436325073242188e+01 1.005549011230468750e+02 8.151554107666015625e+01 1.903935813903808594e+01
2.057477378845214844e+01 1.005321350097656250e+02 8.148120880126953125e+01 1.905090713500976562e+01
2.059518051147460938e+01 1.004697189331054688e+02 8.144696807861328125e+01 1.902276611328125000e+01
2.061559104919433594e+01 1.004231185913085938e+02 8.141278076171875000e+01 1.901033782958984375e+01
2.063599777221679688e+01 1.004045867919921875e+02 8.140187835693359375e+01 1.900270271301269531e+01
2.065640830993652344e+01 1.003945159912109375e+02 8.140256500244140625e+01 1.899195480346679688e+01
2.067681503295898438e+01 1.003802490234375000e+02 8.139169311523437500e+01 1.898854255676269531e+01
2.069722366333007812e+01 1.003472976684570312e+02 8.136927032470703125e+01 1.897801971435546875e+01
2.071763229370117188e+01 1.002860107421875000e+02 8.133532714843750000e+01 1.895066452026367188e+01
2.073804092407226562e+01 1.002253646850585938e+02 8.130146789550781250e+01 1.892389297485351562e+01
2.075845146179199219e+01 1.002057037353515625e+02 8.130225372314453125e+01 1.890344810485839844e+01
2.077885818481445312e+01 1.001506118774414062e+02 8.128000640869140625e+01 1.887060737609863281e+01
2.079926872253417969e+01 1.001023330688476562e+02 8.124629211425781250e+01 1.885603713989257812e+01
2.081967544555664062e+01 1.000611038208007812e+02 8.122415161132812500e+01 1.883696746826171875e+01
2.084008598327636719e+01 1.000271224975585938e+02 8.120202636718750000e+01 1.882509231567382812e+01
2.086049270629882812e+01 9.998055267333984375e+01 8.117996978759765625e+01 1.880060005187988281e+01
2.088090324401855469e+01 9.991332244873046875e+01 8.115794372558593750e+01 1.875538444519042969e+01
2.090131187438964844e+01 9.985469818115234375e+01 8.113597106933593750e+01 1.871874618530273438e+01
2.092171859741210938e+01 9.980047607421875000e+01 8.111404418945312500e+01 1.868641853332519531e+01
2.094212913513183594e+01 9.974585723876953125e+01 8.108071136474609375e+01 1.866514396667480469e+01
2.096253585815429688e+01 9.973294830322265625e+01 8.107029724121093750e+01 1.866266441345214844e+01
2.098294639587402344e+01 9.971570587158203125e+01 8.104848480224609375e+01 1.866722297668457031e+01
2.100335311889648438e+01 9.971948242187500000e+01 8.104952239990234375e+01 1.866996955871582031e+01
2.102376365661621094e+01 9.970443725585937500e+01 8.103915405273437500e+01 1.866527557373046875e+01
2.104417228698730469e+01 9.968421936035156250e+01 8.101744842529296875e+01 1.866675758361816406e+01
2.106458282470703125e+01 9.967072296142578125e+01 8.100712585449218750e+01 1.866358947753906250e+01
2.108498954772949219e+01 9.965142822265625000e+01 8.098549652099609375e+01 1.866593170166015625e+01
2.110540008544921875e+01 9.963516235351562500e+01 8.097523498535156250e+01 1.865991783142089844e+01
2.112580680847167969e+01 9.961963653564453125e+01 8.096500396728515625e+01 1.865464210510253906e+01
2.114621734619140625e+01 9.959838867187500000e+01 8.093214416503906250e+01 1.866623115539550781e+01
2.116662406921386719e+01 9.955992889404296875e+01 8.091065216064453125e+01 1.864927291870117188e+01
2.118703079223632812e+01 9.949993133544921875e+01 8.087792205810546875e+01 1.862200355529785156e+01
2.120744132995605469e+01 9.946897888183593750e+01 8.085652160644531250e+01 1.861246109008789062e+01
2.122784996032714844e+01 9.945007324218750000e+01 8.083518218994140625e+01 1.861488151550292969e+01
2.124826049804687500e+01 9.943645477294921875e+01 8.082512664794921875e+01 1.861133384704589844e+01
2.126866722106933594e+01 9.947747802734375000e+01 8.086013031005859375e+01 1.861735534667968750e+01
2.128907775878906250e+01 9.951460266113281250e+01 8.088381195068359375e+01 1.863078117370605469e+01
2.130948448181152344e+01 9.951069641113281250e+01 8.086251831054687500e+01 1.864815330505371094e+01
2.132989501953125000e+01 9.948657989501953125e+01 8.080759429931640625e+01 1.867898941040039062e+01
2.135030174255371094e+01 9.945702362060546875e+01 8.075277709960937500e+01 1.870424270629882812e+01
2.137071228027343750e+01 9.945722961425781250e+01 8.072045898437500000e+01 1.873674201965332031e+01
2.139112091064453125e+01 9.944954681396484375e+01 8.069940948486328125e+01 1.875013732910156250e+01
2.141152763366699219e+01 9.944170379638671875e+01 8.070076751708984375e+01 1.874091911315917969e+01
2.143193817138671875e+01 9.942137145996093750e+01 8.073561096191406250e+01 1.868574333190917969e+01
2.145234489440917969e+01 9.936709594726562500e+01 8.074807739257812500e+01 1.861902427673339844e+01
2.147275543212890625e+01 9.932672119140625000e+01 8.078280639648437500e+01 1.854393577575683594e+01
2.149316215515136719e+01 9.923394012451171875e+01 8.077293395996093750e+01 1.846099472045898438e+01
2.151357269287109375e+01 9.915346527099609375e+01 8.076306152343750000e+01 1.839040946960449219e+01
2.153398132324218750e+01 9.909906768798828125e+01 8.076435089111328125e+01 1.833470916748046875e+01
2.155438995361328125e+01 9.904751586914062500e+01 8.073229980468750000e+01 1.831522941589355469e+01
2.157479858398437500e+01 9.900505828857421875e+01 8.070032501220703125e+01 1.830474090576171875e+01
2.159520912170410156e+01 9.898272705078125000e+01 8.066838836669921875e+01 1.831435585021972656e+01
2.161561584472656250e+01 9.893533325195312500e+01 8.063652801513671875e+01 1.829880142211914062e+01
2.163602256774902344e+01 9.880076599121093750e+01 8.059366607666015625e+01 1.820710563659667969e+01
2.165643310546875000e+01 9.870511627197265625e+01 8.058403015136718750e+01 1.812108993530273438e+01
2.167683982849121094e+01 9.870642852783203125e+01 8.059651947021484375e+01 1.810993957519531250e+01
2.169725036621093750e+01 9.875123596191406250e+01 8.058689880371093750e+01 1.816435050964355469e+01
2.171765899658203125e+01 9.873499298095703125e+01 8.053322601318359375e+01 1.820175933837890625e+01
2.173806953430175781e+01 9.870432281494140625e+01 8.053469848632812500e+01 1.816961669921875000e+01
2.175847625732421875e+01 9.873265838623046875e+01 8.056918334960937500e+01 1.816349220275878906e+01
2.177888679504394531e+01 9.870588684082031250e+01 8.057061767578125000e+01 1.813527488708496094e+01
2.179929351806640625e+01 9.867024230957031250e+01 8.056108093261718750e+01 1.810915565490722656e+01
2.181970405578613281e+01 9.864319610595703125e+01 8.055155181884765625e+01 1.809165382385253906e+01
2.184011077880859375e+01 9.861522674560546875e+01 8.054205322265625000e+01 1.807317924499511719e+01
2.186051940917968750e+01 9.858628845214843750e+01 8.054352569580078125e+01 1.804276847839355469e+01
2.188092994689941406e+01 9.855947113037109375e+01 8.053403472900390625e+01 1.802541542053222656e+01
2.190133666992187500e+01 9.855030059814453125e+01 8.053550720214843750e+01 1.801478004455566406e+01
2.192174720764160156e+01 9.855614471435546875e+01 8.053696441650390625e+01 1.801919555664062500e+01
2.194215393066406250e+01 9.856516265869140625e+01 8.053843688964843750e+01 1.802672958374023438e+01
2.196256446838378906e+01 9.853844451904296875e+01 8.053987884521484375e+01 1.799856758117675781e+01
2.198297119140625000e+01 9.850471496582031250e+01 8.054135131835937500e+01 1.796335601806640625e+01
2.200338172912597656e+01 9.844085693359375000e+01 8.049927520751953125e+01 1.794159126281738281e+01
2.202378845214843750e+01 9.837255096435546875e+01 8.044643402099609375e+01 1.792613029479980469e+01
2.204419898986816406e+01 9.831919097900390625e+01 8.039366149902343750e+01 1.792553138732910156e+01
2.206460762023925781e+01 9.833225250244140625e+01 8.039525604248046875e+01 1.793700408935546875e+01
2.208501434326171875e+01 9.835150146484375000e+01 8.040767669677734375e+01 1.794381523132324219e+01
2.210542488098144531e+01 9.832379150390625000e+01 8.038758850097656250e+01 1.793620109558105469e+01
2.212583160400390625e+01 9.827523803710937500e+01 8.035672760009765625e+01 1.791850662231445312e+01
2.214624214172363281e+01 9.819258880615234375e+01 8.030427551269531250e+01 1.788830566406250000e+01
2.216664886474609375e+01 9.813060760498046875e+01 8.027355957031250000e+01 1.785704994201660156e+01
2.218705940246582031e+01 9.809857940673828125e+01 8.027523803710937500e+01 1.782333564758300781e+01
2.220746803283691406e+01 9.809114074707031250e+01 8.027692413330078125e+01 1.781419181823730469e+01
2.222787857055664062e+01 9.807364654541015625e+01 8.025706481933593750e+01 1.781659698486328125e+01
2.224828529357910156e+01 9.804557800292968750e+01 8.023724365234375000e+01 1.780833435058593750e+01
2.226869583129882812e+01 9.802693176269531250e+01 8.022819519042968750e+01 1.779873847961425781e+01
2.228910255432128906e+01 9.802938842773437500e+01 8.024066925048828125e+01 1.778870582580566406e+01
2.230951309204101562e+01 9.803537750244140625e+01 8.024237823486328125e+01 1.779300498962402344e+01
2.232991981506347656e+01 9.801992797851562500e+01 8.021192169189453125e+01 1.780798530578613281e+01
2.235032844543457031e+01 9.800130462646484375e+01 8.018152618408203125e+01 1.781977081298828125e+01
2.237073898315429688e+01 9.797639465332031250e+01 8.015117645263671875e+01 1.782521247863769531e+01
2.239114570617675781e+01 9.796313476562500000e+01 8.013158416748046875e+01 1.783155822753906250e+01
2.241155624389648438e+01 9.797090911865234375e+01 8.011201477050781250e+01 1.785889434814453125e+01
2.243196296691894531e+01 9.800665283203125000e+01 8.010315704345703125e+01 1.790348815917968750e+01
2.245237350463867188e+01 9.801898956298828125e+01 8.007300567626953125e+01 1.794597244262695312e+01
2.247278022766113281e+01 9.802626037597656250e+01 8.005354309082031250e+01 1.797270965576171875e+01
2.249319076538085938e+01 9.808913421630859375e+01 8.006604766845703125e+01 1.802305030822753906e+01
2.251359748840332031e+01 9.815129089355468750e+01 8.005726623535156250e+01 1.809403038024902344e+01
2.253400802612304688e+01 9.809384918212890625e+01 8.004850006103515625e+01 1.804534721374511719e+01
2.255441665649414062e+01 9.806489562988281250e+01 8.008221435546875000e+01 1.798268890380859375e+01
2.257482337951660156e+01 9.801258850097656250e+01 8.006284332275390625e+01 1.794973945617675781e+01
2.259523391723632812e+01 9.793516540527343750e+01 8.008587646484375000e+01 1.784927749633789062e+01
2.261564064025878906e+01 9.788982391357421875e+01 8.009828948974609375e+01 1.779153823852539062e+01
2.263605117797851562e+01 9.783852386474609375e+01 8.005780029296875000e+01 1.778072738647460938e+01
2.265645790100097656e+01 9.778936767578125000e+01 8.000681304931640625e+01 1.778254318237304688e+01
2.267686843872070312e+01 9.772271728515625000e+01 7.997703552246093750e+01 1.774568176269531250e+01
2.269727706909179688e+01 9.762625885009765625e+01 7.997895812988281250e+01 1.764731597900390625e+01
2.271768760681152344e+01 9.761039733886718750e+01 8.002300262451171875e+01 1.758738517761230469e+01
2.273809432983398438e+01 9.762116241455078125e+01 8.005648040771484375e+01 1.756469345092773438e+01
2.275850486755371094e+01 9.755158996582031250e+01 8.000570678710937500e+01 1.754587936401367188e+01
2.277891159057617188e+01 9.743972778320312500e+01 7.989200592041015625e+01 1.754773521423339844e+01
2.279931831359863281e+01 9.735273742675781250e+01 7.984149169921875000e+01 1.751124382019042969e+01
2.281972885131835938e+01 9.730408477783203125e+01 7.980155181884765625e+01 1.750253868103027344e+01
2.284013748168945312e+01 9.724388885498046875e+01 7.976168823242187500e+01 1.748220634460449219e+01
2.286054801940917969e+01 9.720706176757812500e+01 7.973236083984375000e+01 1.747470092773437500e+01
2.288095474243164062e+01 9.726742553710937500e+01 7.975542449951171875e+01 1.751198196411132812e+01
2.290136528015136719e+01 9.722245025634765625e+01 7.973659515380859375e+01 1.748585700988769531e+01
2.292177200317382812e+01 9.717958068847656250e+01 7.969694519042968750e+01 1.748264503479003906e+01
2.294218254089355469e+01 9.715306091308593750e+01 7.965734863281250000e+01 1.749570465087890625e+01
2.296258926391601562e+01 9.708314514160156250e+01 7.960740661621093750e+01 1.747572708129882812e+01
2.298299980163574219e+01 9.705042266845703125e+01 7.956795501708984375e+01 1.748246383666992188e+01
2.300340652465820312e+01 9.694453430175781250e+01 7.951817321777343750e+01 1.742634201049804688e+01
2.302381515502929688e+01 9.695415496826171875e+01 7.955167388916015625e+01 1.740246963500976562e+01
2.304422569274902344e+01 9.691947174072265625e+01 7.953314971923828125e+01 1.738630867004394531e+01
2.306463241577148438e+01 9.693865203857421875e+01 7.955619812011718750e+01 1.738247108459472656e+01
2.308504295349121094e+01 9.695227813720703125e+01 7.955845642089843750e+01 1.739381408691406250e+01
2.310544967651367188e+01 9.694944000244140625e+01 7.956070709228515625e+01 1.738871002197265625e+01
2.312586021423339844e+01 9.687698364257812500e+01 7.952154541015625000e+01 1.735543251037597656e+01
2.314626693725585938e+01 9.679624938964843750e+01 7.948246002197265625e+01 1.731379508972167969e+01
2.316667747497558594e+01 9.674439239501953125e+01 7.947443389892578125e+01 1.726997566223144531e+01
2.318708610534667969e+01 9.671185302734375000e+01 7.946643066406250000e+01 1.724542427062988281e+01
2.320749664306640625e+01 9.668933868408203125e+01 7.944812774658203125e+01 1.724121475219726562e+01
2.322790336608886719e+01 9.664915466308593750e+01 7.942984771728515625e+01 1.721928977966308594e+01
2.324831008911132812e+01 9.663053894042968750e+01 7.943221282958984375e+01 1.719832801818847656e+01
2.326872062683105469e+01 9.661315917968750000e+01 7.944483947753906250e+01 1.716831970214843750e+01
2.328912734985351562e+01 9.658453369140625000e+01 7.943690490722656250e+01 1.714760208129882812e+01
2.330953788757324219e+01 9.658626556396484375e+01 7.944950103759765625e+01 1.713676261901855469e+01
2.332994651794433594e+01 9.656394195556640625e+01 7.943130493164062500e+01 1.713264846801757812e+01
2.335035514831542969e+01 9.656922912597656250e+01 7.945415496826171875e+01 1.711507225036621094e+01
2.337076377868652344e+01 9.654325103759765625e+01 7.943598937988281250e+01 1.710727882385253906e+01
2.339117431640625000e+01 9.651836395263671875e+01 7.942808532714843750e+01 1.709027099609375000e+01
2.341158103942871094e+01 9.653828430175781250e+01 7.945087432861328125e+01 1.708740997314453125e+01
2.343199157714843750e+01 9.652192687988281250e+01 7.945317840576171875e+01 1.706874275207519531e+01
2.345239830017089844e+01 9.649047851562500000e+01 7.943508148193359375e+01 1.705539131164550781e+01
2.347280502319335938e+01 9.647052764892578125e+01 7.941701507568359375e+01 1.705351829528808594e+01
2.349321556091308594e+01 9.647417449951171875e+01 7.941935729980468750e+01 1.705478286743164062e+01
2.351362419128417969e+01 9.649099731445312500e+01 7.943187713623046875e+01 1.705910110473632812e+01
2.353403472900390625e+01 9.650748443603515625e+01 7.944435882568359375e+01 1.706312942504882812e+01
2.355444145202636719e+01 9.650463867187500000e+01 7.944667053222656250e+01 1.705797386169433594e+01
2.357485198974609375e+01 9.648898315429687500e+01 7.942866516113281250e+01 1.706032180786132812e+01
2.359525871276855469e+01 9.647850799560546875e+01 7.942083740234375000e+01 1.705766677856445312e+01
2.361566925048828125e+01 9.642578887939453125e+01 7.939273834228515625e+01 1.703304290771484375e+01
2.363607597351074219e+01 9.646299743652343750e+01 7.941535949707031250e+01 1.704763793945312500e+01
2.365648651123046875e+01 9.646781158447265625e+01 7.941766357421875000e+01 1.705014801025390625e+01
2.367689514160156250e+01 9.641300201416015625e+01 7.937955474853515625e+01 1.703347969055175781e+01
2.369730567932128906e+01 9.651134490966796875e+01 7.943241119384765625e+01 1.707892990112304688e+01
2.371771240234375000e+01 9.652847290039062500e+01 7.943471527099609375e+01 1.709375953674316406e+01
2.373811912536621094e+01 9.651891326904296875e+01 7.940676116943359375e+01 1.711215400695800781e+01
2.375852966308593750e+01 9.641780090332031250e+01 7.933854675292968750e+01 1.707922554016113281e+01
2.377893638610839844e+01 9.633868408203125000e+01 7.931072998046875000e+01 1.702794647216796875e+01
2.379934692382812500e+01 9.628875732421875000e+01 7.930305480957031250e+01 1.698572540283203125e+01
2.381975364685058594e+01 9.620960998535156250e+01 7.926528167724609375e+01 1.694433403015136719e+01
2.384016418457031250e+01 9.624579620361328125e+01 7.924762725830078125e+01 1.699818801879882812e+01
2.386057281494140625e+01 9.613978576660156250e+01 7.911965179443359375e+01 1.702013015747070312e+01
2.388098335266113281e+01 9.602625274658203125e+01 7.905202484130859375e+01 1.697423171997070312e+01
2.390139007568359375e+01 9.595568847656250000e+01 7.903459930419921875e+01 1.692108345031738281e+01
2.392180061340332031e+01 9.598671722412109375e+01 7.905723571777343750e+01 1.692948532104492188e+01
2.394220733642578125e+01 9.599259948730468750e+01 7.905983734130859375e+01 1.693275642395019531e+01
2.396261405944824219e+01 9.594454956054687500e+01 7.902248382568359375e+01 1.692206001281738281e+01
2.398302459716796875e+01 9.590666961669921875e+01 7.898517608642578125e+01 1.692148971557617188e+01
2.400343322753906250e+01 9.576414489746093750e+01 7.888810729980468750e+01 1.687602615356445312e+01
2.402384376525878906e+01 9.578533172607421875e+01 7.891077423095703125e+01 1.687455177307128906e+01
2.404425048828125000e+01 9.589390563964843750e+01 7.896326446533203125e+01 1.693063735961914062e+01
2.406466102600097656e+01 9.596410369873046875e+01 7.903556060791015625e+01 1.692851448059082031e+01
2.408506774902343750e+01 9.605380249023437500e+01 7.907792663574218750e+01 1.697586250305175781e+01
2.410547828674316406e+01 9.621484375000000000e+01 7.915001678466796875e+01 1.706483459472656250e+01
2.412588500976562500e+01 9.630555725097656250e+01 7.916244506835937500e+01 1.714311218261718750e+01
2.414629554748535156e+01 9.628947448730468750e+01 7.909552764892578125e+01 1.719392776489257812e+01
2.416670417785644531e+01 9.633967590332031250e+01 7.916741180419921875e+01 1.717227554321289062e+01
2.418711090087890625e+01 9.621923828125000000e+01 7.904123687744140625e+01 1.717801284790039062e+01
2.420752143859863281e+01 9.625277709960937500e+01 7.899436187744140625e+01 1.725841712951660156e+01
2.422792816162109375e+01 9.612888336181640625e+01 7.889819335937500000e+01 1.723070716857910156e+01
2.424833869934082031e+01 9.601398468017578125e+01 7.882191467285156250e+01 1.719208145141601562e+01
2.426874542236328125e+01 9.597544097900390625e+01 7.877536010742187500e+01 1.720008277893066406e+01
2.428915596008300781e+01 9.598725128173828125e+01 7.874858093261718750e+01 1.723865699768066406e+01
2.430956268310546875e+01 9.591895294189453125e+01 7.872187042236328125e+01 1.719708633422851562e+01
2.432997322082519531e+01 9.588578796386718750e+01 7.873454284667968750e+01 1.715123748779296875e+01
2.435038185119628906e+01 9.582132720947265625e+01 7.874720764160156250e+01 1.707413291931152344e+01
