# NTRMN  = 70
# NTRANS = 111
16 +1.000000e+00
17 +0.000000e+00
18 +0.000000e+00
19 +0.000000e+00
20 +0.000000e+00
21 +0.000000e+00
22 +0.000000e+00
23 +0.000000e+00
24 +0.000000e+00
25 +0.000000e+00
26 +0.000000e+00
27 +0.000000e+00
28 +0.000000e+00
29 +0.000000e+00
30 +0.000000e+00
31 +0.000000e+00
32 +1.909610e-02
33 +0.000000e+00
34 +0.000000e+00
35 +3.388742e-03
36 +0.000000e+00
37 +0.000000e+00
38 +8.311689e-04
39 +1.160260e-02
40 +1.474909e-03
41 +2.354003e-03
42 +7.308051e-03
43 +0.000000e+00
44 +0.000000e+00
45 +0.000000e+00
46 +0.000000e+00
47 +1.391291e-03
48 +0.000000e+00
49 +3.459704e-05
50 +4.288900e-01
51 +0.000000e+00
52 +0.000000e+00
53 +0.000000e+00
54 +0.000000e+00
55 +0.000000e+00
56 +0.000000e+00
57 +0.000000e+00
