# NTRMN  = 68
# NTRANS = 111
14 +1.000000e+00
15 +0.000000e+00
16 +5.352718e-02
17 +1.310535e-02
18 +1.787646e-02
19 +0.000000e+00
20 +0.000000e+00
21 +3.568258e-05
22 +1.643149e-02
23 +1.915653e-03
24 +0.000000e+00
25 +1.149839e-04
26 +1.676639e-04
27 +6.096285e-01
28 +0.000000e+00
29 +2.056893e-01
30 +4.497855e-02
31 +3.503952e-02
32 +8.246531e-03
33 +5.618066e-03
34 +2.447398e-03
35 +3.934156e-03
36 +1.096156e-02
37 +1.176087e-03
38 +4.102376e-03
39 +5.279267e-02
40 +2.513572e-01
41 +2.117245e-01
42 +8.762290e-02
43 +1.839958e-02
44 +2.308622e-02
45 +0.000000e+00
46 +0.000000e+00
47 +1.312784e-04
48 +0.000000e+00
49 +3.394882e-04
50 +4.395631e-02
51 +5.156019e-02
52 +0.000000e+00
53 +0.000000e+00
54 +1.166972e-01
55 +1.342661e-02
56 +5.808351e-05
57 +0.000000e+00
