# NTRMN  = 81
# NTRANS = 111
27 +1.000000e+00
28 +0.000000e+00
29 +0.000000e+00
30 +0.000000e+00
31 +0.000000e+00
32 +1.606367e-03
33 +1.635556e-05
34 +3.179248e-04
35 +2.332118e-03
36 +8.987372e-03
37 +0.000000e+00
38 +1.142585e-04
39 +6.102342e-04
40 +4.442365e-04
41 +2.174798e-04
42 +7.842787e-02
43 +0.000000e+00
44 +7.913953e-03
45 +6.806937e-06
46 +2.715211e-04
47 +1.208706e-03
48 +5.346082e-03
49 +2.537898e-05
50 +1.103916e-02
51 +6.097685e-02
52 +0.000000e+00
53 +0.000000e+00
54 +1.568703e-01
55 +1.549979e-02
56 +1.335050e-09
57 +0.000000e+00
