2.782e-11 3.527e-11 3.527e-11 3.529e-11 3.529e-11 3.529e-11 3.529e-11 3.532e-11 3.532e-11 3.532e-11 3.532e-11 3.532e-11 3.534e-11 3.534e-11 3.534e-11 3.534e-11 3.534e-11 3.534e-11 3.536e-11 3.536e-11
8.702e-07 9.292e-07 9.292e-07 9.313e-07 9.274e-07 9.278e-07 9.265e-07 9.261e-07 9.265e-07 9.269e-07 9.269e-07 9.273e-07 9.276e-07 9.276e-07 9.280e-07 9.280e-07 9.284e-07 9.245e-07 9.248e-07 9.248e-07
1.966e-05 2.021e-05 2.019e-05 2.017e-05 2.016e-05 2.016e-05 2.016e-05 2.011e-05 2.011e-05 2.014e-05 2.014e-05 2.012e-05 2.012e-05 2.009e-05 2.011e-05 2.011e-05 2.010e-05 2.013e-05 2.011e-05 2.013e-05
8.275e-05 8.363e-05 8.371e-05 8.363e-05 8.337e-05 8.329e-05 8.337e-05 8.337e-05 8.328e-05 8.331e-05 8.331e-05 8.339e-05 8.334e-05 8.334e-05 8.334e-05 8.337e-05 8.337e-05 8.337e-05 8.339e-05 8.339e-05
1.844e-04 1.859e-04 1.859e-04 1.854e-04 1.855e-04 1.855e-04 1.854e-04 1.854e-04 1.854e-04 1.857e-04 1.855e-04 1.855e-04 1.855e-04 1.853e-04 1.853e-04 1.853e-04 1.853e-04 1.854e-04 1.853e-04 1.853e-04
3.069e-04 3.076e-04 3.072e-04 3.074e-04 3.074e-04 3.074e-04 3.070e-04 3.074e-04 3.074e-04 3.076e-04 3.076e-04 3.076e-04 3.072e-04 3.072e-04 3.072e-04 3.077e-04 3.058e-04 3.060e-04 3.060e-04 3.066e-04
4.242e-04 4.270e-04 4.272e-04 4.272e-04 4.264e-04 4.247e-04 4.247e-04 4.243e-04 4.243e-04 4.245e-04 4.245e-04 4.245e-04 4.246e-04 4.246e-04 4.246e-04 4.246e-04 4.251e-04 4.256e-04 4.252e-04 4.252e-04
5.278e-04 5.305e-04 5.301e-04 5.301e-04 5.302e-04 5.302e-04 5.302e-04 5.300e-04 5.300e-04 5.305e-04 5.305e-04 5.301e-04 5.301e-04 5.282e-04 5.287e-04 5.283e-04 5.283e-04 5.288e-04 5.288e-04 5.288e-04
6.131e-04 6.138e-04 6.135e-04 6.135e-04 6.132e-04 6.129e-04 6.133e-04 6.129e-04 6.129e-04 6.134e-04 6.130e-04 6.130e-04 6.134e-04 6.134e-04 6.131e-04 6.135e-04 6.135e-04 6.135e-04 6.138e-04 6.138e-04
6.793e-04 6.797e-04 6.795e-04 6.791e-04 6.791e-04 6.786e-04 6.790e-04 6.787e-04 6.787e-04 6.790e-04 6.787e-04 6.791e-04 6.791e-04 6.788e-04 6.792e-04 6.792e-04 6.793e-04 6.793e-04 6.799e-04 6.773e-04
7.221e-04 7.249e-04 7.246e-04 7.246e-04 7.247e-04 7.247e-04 7.244e-04 7.248e-04 7.245e-04 7.249e-04 7.246e-04 7.249e-04 7.227e-04 7.227e-04 7.227e-04 7.228e-04 7.228e-04 7.232e-04 7.232e-04 7.232e-04
7.549e-04 7.571e-04 7.571e-04 7.542e-04 7.525e-04 7.525e-04 7.528e-04 7.528e-04 7.559e-04 7.559e-04 7.563e-04 7.544e-04 7.544e-04 7.548e-04 7.551e-04 7.551e-04 7.529e-04 7.550e-04 7.553e-04 7.556e-04
7.732e-04 7.732e-04 7.732e-04 7.735e-04 7.735e-04 7.737e-04 7.737e-04 7.740e-04 7.743e-04 7.721e-04 7.723e-04 7.726e-04 7.729e-04 7.709e-04 7.712e-04 7.715e-04 7.743e-04 7.743e-04 7.746e-04 7.749e-04
7.831e-04 7.790e-04 7.790e-04 7.816e-04 7.816e-04 7.816e-04 7.816e-04 7.816e-04 7.796e-04 7.796e-04 7.796e-04 7.796e-04 7.796e-04 7.796e-04 7.819e-04 7.819e-04 7.844e-04 7.844e-04 7.844e-04 7.826e-04
7.816e-04 7.816e-04 7.816e-04 7.816e-04 7.816e-04 7.816e-04 7.816e-04 7.816e-04 7.816e-04 7.823e-04 7.823e-04 7.805e-04 7.805e-04 7.805e-04 7.805e-04 7.805e-04 7.805e-04 7.827e-04 7.827e-04 7.850e-04
7.789e-04 7.755e-04 7.755e-04 7.755e-04 7.755e-04 7.739e-04 7.739e-04 7.739e-04 7.759e-04 7.759e-04 7.759e-04 7.759e-04 7.759e-04 7.764e-04 7.764e-04 7.764e-04 7.764e-04 7.768e-04 7.768e-04 7.768e-04
7.640e-04 7.669e-04 7.687e-04 7.673e-04 7.673e-04 7.658e-04 7.658e-04 7.658e-04 7.658e-04 7.658e-04 7.658e-04 7.677e-04 7.677e-04 7.668e-04 7.668e-04 7.668e-04 7.668e-04 7.668e-04 7.668e-04 7.686e-04
7.530e-04 7.518e-04 7.518e-04 7.534e-04 7.521e-04 7.521e-04 7.521e-04 7.521e-04 7.521e-04 7.521e-04 7.521e-04 7.538e-04 7.538e-04 7.538e-04 7.525e-04 7.542e-04 7.542e-04 7.542e-04 7.571e-04 7.571e-04
7.374e-04 7.370e-04 7.358e-04 7.358e-04 7.358e-04 7.358e-04 7.358e-04 7.373e-04 7.362e-04 7.362e-04 7.378e-04 7.378e-04 7.378e-04 7.378e-04 7.392e-04 7.392e-04 7.392e-04 7.381e-04 7.397e-04 7.385e-04
7.197e-04 7.208e-04 7.208e-04 7.208e-04 7.208e-04 7.197e-04 7.187e-04 7.187e-04 7.200e-04 7.200e-04 7.200e-04 7.200e-04 7.200e-04 7.213e-04 7.218e-04 7.218e-04 7.218e-04 7.218e-04 7.218e-04 7.231e-04
7.022e-04 7.007e-04 7.007e-04 7.007e-04 7.007e-04 7.007e-04 7.019e-04 7.010e-04 7.010e-04 7.010e-04 7.024e-04 7.036e-04 7.026e-04 7.026e-04 7.026e-04 7.017e-04 7.029e-04 7.043e-04 7.053e-04 7.053e-04
6.831e-04 6.841e-04 6.841e-04 6.841e-04 6.833e-04 6.833e-04 6.824e-04 6.835e-04 6.835e-04 6.835e-04 6.826e-04 6.826e-04 6.837e-04 6.851e-04 6.851e-04 6.851e-04 6.853e-04 6.853e-04 6.844e-04 6.849e-04
6.647e-04 6.643e-04 6.634e-04 6.626e-04 6.626e-04 6.618e-04 6.628e-04 6.620e-04 6.632e-04 6.634e-04 6.634e-04 6.644e-04 6.644e-04 6.644e-04 6.656e-04 6.666e-04 6.659e-04 6.650e-04 6.650e-04 6.672e-04
6.447e-04 6.435e-04 6.435e-04 6.444e-04 6.444e-04 6.438e-04 6.438e-04 6.430e-04 6.451e-04 6.451e-04 6.451e-04 6.444e-04 6.453e-04 6.453e-04 6.465e-04 6.465e-04 6.466e-04 6.459e-04 6.452e-04 6.472e-04
6.258e-04 6.258e-04 6.239e-04 6.239e-04 6.234e-04 6.234e-04 6.245e-04 6.245e-04 6.261e-04 6.255e-04 6.255e-04 6.256e-04 6.256e-04 6.267e-04 6.261e-04 6.269e-04 6.269e-04 6.281e-04 6.289e-04 6.289e-04
6.057e-04 6.057e-04 6.065e-04 6.065e-04 6.059e-04 6.059e-04 6.066e-04 6.060e-04 6.054e-04 6.059e-04 6.066e-04 6.066e-04 6.066e-04 6.073e-04 6.079e-04 6.079e-04 6.079e-04 6.079e-04 6.090e-04 6.105e-04
5.877e-04 5.877e-04 5.872e-04 5.871e-04 5.871e-04 5.871e-04 5.871e-04 5.874e-04 5.874e-04 5.879e-04 5.885e-04 5.881e-04 5.881e-04 5.887e-04 5.897e-04 5.891e-04 5.893e-04 5.893e-04 5.903e-04 5.910e-04
5.697e-04 5.697e-04 5.682e-04 5.688e-04 5.688e-04 5.688e-04 5.700e-04 5.700e-04 5.694e-04 5.695e-04 5.695e-04 5.700e-04 5.706e-04 5.706e-04 5.706e-04 5.717e-04 5.724e-04 5.719e-04 5.725e-04 5.734e-04
5.519e-04 5.525e-04 5.515e-04 5.515e-04 5.517e-04 5.517e-04 5.516e-04 5.522e-04 5.518e-04 5.518e-04 5.523e-04 5.532e-04 5.528e-04 5.529e-04 5.529e-04 5.543e-04 5.546e-04 5.546e-04 5.546e-04 5.556e-04
5.349e-04 5.354e-04 5.348e-04 5.344e-04 5.340e-04 5.340e-04 5.340e-04 5.348e-04 5.357e-04 5.357e-04 5.362e-04 5.358e-04 5.358e-04 5.367e-04 5.362e-04 5.364e-04 5.373e-04 5.378e-04 5.373e-04 5.375e-04
5.176e-04 5.180e-04 5.180e-04 5.180e-04 5.185e-04 5.182e-04 5.182e-04 5.182e-04 5.187e-04 5.187e-04 5.187e-04 5.192e-04 5.197e-04 5.193e-04 5.197e-04 5.202e-04 5.213e-04 5.213e-04 5.217e-04 5.214e-04
5.025e-04 5.025e-04 5.030e-04 5.030e-04 5.018e-04 5.023e-04 5.023e-04 5.024e-04 5.024e-04 5.036e-04 5.029e-04 5.029e-04 5.041e-04 5.038e-04 5.039e-04 5.044e-04 5.053e-04 5.049e-04 5.054e-04 5.062e-04
4.879e-04 4.866e-04 4.867e-04 4.867e-04 4.863e-04 4.864e-04 4.864e-04 4.878e-04 4.875e-04 4.875e-04 4.875e-04 4.884e-04 4.884e-04 4.888e-04 4.889e-04 4.889e-04 4.889e-04 4.898e-04 4.904e-04 4.908e-04
4.741e-04 4.734e-04 4.734e-04 4.734e-04 4.735e-04 4.735e-04 4.746e-04 4.743e-04 4.708e-04 4.705e-04 4.716e-04 4.716e-04 4.717e-04 4.730e-04 4.734e-04 4.731e-04 4.739e-04 4.739e-04 4.740e-04 4.751e-04
4.571e-04 4.571e-04 4.569e-04 4.569e-04 4.570e-04 4.570e-04 4.573e-04 4.578e-04 4.582e-04 4.578e-04 4.579e-04 4.592e-04 4.592e-04 4.592e-04 4.603e-04 4.604e-04 4.601e-04 4.611e-04 4.609e-04 4.619e-04
