3.635e-10 5.122e-10 5.141e-10 5.147e-10 5.153e-10 5.153e-10 5.160e-10 5.159e-10 5.159e-10 5.159e-10 5.159e-10 5.159e-10 5.159e-10 5.159e-10 5.159e-10 5.159e-10 5.159e-10 5.159e-10 5.159e-10 5.159e-10
6.603e-05 8.071e-05 8.071e-05 8.127e-05 8.125e-05 8.124e-05 8.068e-05 8.068e-05 8.068e-05 8.067e-05 8.067e-05 8.067e-05 8.066e-05 8.066e-05 8.066e-05 8.066e-05 8.066e-05 8.063e-05 8.063e-05 8.063e-05
1.086e-03 1.154e-03 1.154e-03 1.154e-03 1.152e-03 1.152e-03 1.152e-03 1.149e-03 1.149e-03 1.149e-03 1.149e-03 1.147e-03 1.147e-03 1.146e-03 1.146e-03 1.146e-03 1.144e-03 1.144e-03 1.142e-03 1.142e-03
3.232e-03 3.315e-03 3.315e-03 3.306e-03 3.278e-03 3.278e-03 3.278e-03 3.278e-03 3.278e-03 3.277e-03 3.277e-03 3.277e-03 3.276e-03 3.276e-03 3.276e-03 3.276e-03 3.276e-03 3.276e-03 3.275e-03 3.275e-03
5.647e-03 5.731e-03 5.731e-03 5.703e-03 5.703e-03 5.703e-03 5.702e-03 5.702e-03 5.702e-03 5.700e-03 5.672e-03 5.672e-03 5.672e-03 5.672e-03 5.672e-03 5.672e-03 5.672e-03 5.671e-03 5.671e-03 5.671e-03
8.007e-03 8.054e-03 8.027e-03 8.027e-03 8.027e-03 8.027e-03 8.000e-03 7.998e-03 7.998e-03 7.997e-03 7.997e-03 7.997e-03 7.971e-03 7.971e-03 7.971e-03 7.969e-03 7.966e-03 7.965e-03 7.965e-03 7.966e-03
9.794e-03 9.869e-03 9.868e-03 9.868e-03 9.819e-03 9.814e-03 9.814e-03 9.790e-03 9.790e-03 9.789e-03 9.789e-03 9.789e-03 9.764e-03 9.764e-03 9.764e-03 9.764e-03 9.764e-03 9.763e-03 9.739e-03 9.739e-03
1.106e-02 1.111e-02 1.109e-02 1.109e-02 1.106e-02 1.106e-02 1.106e-02 1.104e-02 1.104e-02 1.104e-02 1.104e-02 1.102e-02 1.102e-02 1.102e-02 1.102e-02 1.099e-02 1.099e-02 1.099e-02 1.099e-02 1.099e-02
1.182e-02 1.186e-02 1.184e-02 1.184e-02 1.182e-02 1.180e-02 1.180e-02 1.178e-02 1.178e-02 1.178e-02 1.177e-02 1.177e-02 1.176e-02 1.176e-02 1.175e-02 1.174e-02 1.174e-02 1.174e-02 1.172e-02 1.172e-02
1.222e-02 1.223e-02 1.222e-02 1.221e-02 1.221e-02 1.218e-02 1.218e-02 1.216e-02 1.216e-02 1.216e-02 1.214e-02 1.214e-02 1.214e-02 1.213e-02 1.213e-02 1.213e-02 1.211e-02 1.211e-02 1.212e-02 1.210e-02
1.226e-02 1.229e-02 1.228e-02 1.228e-02 1.226e-02 1.226e-02 1.225e-02 1.225e-02 1.224e-02 1.224e-02 1.222e-02 1.222e-02 1.222e-02 1.221e-02 1.221e-02 1.219e-02 1.219e-02 1.219e-02 1.218e-02 1.218e-02
1.224e-02 1.224e-02 1.224e-02 1.224e-02 1.215e-02 1.215e-02 1.215e-02 1.215e-02 1.215e-02 1.215e-02 1.215e-02 1.215e-02 1.215e-02 1.214e-02 1.214e-02 1.214e-02 1.203e-02 1.212e-02 1.212e-02 1.212e-02
1.201e-02 1.201e-02 1.201e-02 1.201e-02 1.201e-02 1.201e-02 1.201e-02 1.201e-02 1.200e-02 1.191e-02 1.191e-02 1.191e-02 1.191e-02 1.190e-02 1.190e-02 1.190e-02 1.190e-02 1.190e-02 1.190e-02 1.190e-02
1.174e-02 1.166e-02 1.166e-02 1.166e-02 1.166e-02 1.166e-02 1.166e-02 1.166e-02 1.158e-02 1.158e-02 1.158e-02 1.158e-02 1.158e-02 1.158e-02 1.158e-02 1.158e-02 1.157e-02 1.157e-02 1.157e-02 1.157e-02
1.131e-02 1.131e-02 1.131e-02 1.131e-02 1.131e-02 1.131e-02 1.131e-02 1.131e-02 1.131e-02 1.131e-02 1.131e-02 1.124e-02 1.124e-02 1.124e-02 1.124e-02 1.124e-02 1.124e-02 1.124e-02 1.124e-02 1.124e-02
1.098e-02 1.092e-02 1.092e-02 1.092e-02 1.092e-02 1.086e-02 1.086e-02 1.086e-02 1.085e-02 1.085e-02 1.085e-02 1.085e-02 1.085e-02 1.085e-02 1.085e-02 1.085e-02 1.085e-02 1.079e-02 1.079e-02 1.079e-02
1.048e-02 1.054e-02 1.054e-02 1.048e-02 1.048e-02 1.048e-02 1.048e-02 1.048e-02 1.048e-02 1.048e-02 1.048e-02 1.048e-02 1.048e-02 1.043e-02 1.043e-02 1.043e-02 1.043e-02 1.043e-02 1.043e-02 1.042e-02
1.013e-02 1.008e-02 1.008e-02 1.008e-02 1.003e-02 1.003e-02 1.003e-02 1.003e-02 1.003e-02 1.003e-02 1.003e-02 1.003e-02 1.003e-02 1.003e-02 9.983e-03 9.984e-03 9.984e-03 9.984e-03 1.003e-02 1.003e-02
9.658e-03 9.658e-03 9.657e-03 9.657e-03 9.657e-03 9.657e-03 9.657e-03 9.654e-03 9.613e-03 9.613e-03 9.614e-03 9.614e-03 9.614e-03 9.614e-03 9.611e-03 9.611e-03 9.611e-03 9.571e-03 9.572e-03 9.571e-03
9.262e-03 9.262e-03 9.262e-03 9.262e-03 9.262e-03 9.262e-03 9.226e-03 9.226e-03 9.223e-03 9.223e-03 9.223e-03 9.223e-03 9.223e-03 9.221e-03 9.186e-03 9.186e-03 9.186e-03 9.186e-03 9.186e-03 9.184e-03
8.858e-03 8.857e-03 8.857e-03 8.857e-03 8.857e-03 8.857e-03 8.855e-03 8.824e-03 8.824e-03 8.824e-03 8.824e-03 8.822e-03 8.821e-03 8.821e-03 8.821e-03 8.790e-03 8.788e-03 8.789e-03 8.824e-03 8.824e-03
8.512e-03 8.510e-03 8.510e-03 8.510e-03 8.482e-03 8.482e-03 8.481e-03 8.479e-03 8.479e-03 8.479e-03 8.451e-03 8.451e-03 8.449e-03 8.450e-03 8.450e-03 8.450e-03 8.450e-03 8.450e-03 8.422e-03 8.422e-03
8.152e-03 8.152e-03 8.121e-03 8.096e-03 8.096e-03 8.096e-03 8.094e-03 8.095e-03 8.096e-03 8.102e-03 8.102e-03 8.100e-03 8.100e-03 8.100e-03 8.101e-03 8.099e-03 8.074e-03 8.074e-03 8.074e-03 8.073e-03
7.792e-03 7.792e-03 7.792e-03 7.790e-03 7.790e-03 7.768e-03 7.768e-03 7.767e-03 7.766e-03 7.766e-03 7.766e-03 7.744e-03 7.743e-03 7.743e-03 7.743e-03 7.743e-03 7.743e-03 7.721e-03 7.721e-03 7.720e-03
7.475e-03 7.475e-03 7.448e-03 7.448e-03 7.428e-03 7.428e-03 7.428e-03 7.428e-03 7.454e-03 7.434e-03 7.434e-03 7.432e-03 7.432e-03 7.432e-03 7.413e-03 7.411e-03 7.411e-03 7.412e-03 7.410e-03 7.410e-03
7.154e-03 7.154e-03 7.153e-03 7.153e-03 7.135e-03 7.135e-03 7.134e-03 7.133e-03 7.135e-03 7.117e-03 7.116e-03 7.116e-03 7.116e-03 7.115e-03 7.098e-03 7.098e-03 7.096e-03 7.096e-03 7.097e-03 7.120e-03
6.870e-03 6.870e-03 6.854e-03 6.829e-03 6.829e-03 6.829e-03 6.829e-03 6.835e-03 6.835e-03 6.837e-03 6.836e-03 6.820e-03 6.820e-03 6.818e-03 6.819e-03 6.819e-03 6.802e-03 6.802e-03 6.802e-03 6.801e-03
6.581e-03 6.581e-03 6.566e-03 6.565e-03 6.565e-03 6.565e-03 6.550e-03 6.550e-03 6.551e-03 6.549e-03 6.549e-03 6.535e-03 6.534e-03 6.534e-03 6.534e-03 6.520e-03 6.541e-03 6.541e-03 6.540e-03 6.541e-03
6.310e-03 6.309e-03 6.309e-03 6.309e-03 6.295e-03 6.295e-03 6.296e-03 6.295e-03 6.282e-03 6.282e-03 6.281e-03 6.281e-03 6.268e-03 6.267e-03 6.267e-03 6.266e-03 6.274e-03 6.274e-03 6.274e-03 6.274e-03
6.067e-03 6.066e-03 6.047e-03 6.047e-03 6.035e-03 6.034e-03 6.034e-03 6.041e-03 6.042e-03 6.042e-03 6.041e-03 6.029e-03 6.028e-03 6.028e-03 6.029e-03 6.016e-03 6.017e-03 6.016e-03 6.016e-03 6.023e-03
5.820e-03 5.819e-03 5.819e-03 5.819e-03 5.819e-03 5.808e-03 5.808e-03 5.807e-03 5.796e-03 5.796e-03 5.796e-03 5.795e-03 5.785e-03 5.785e-03 5.784e-03 5.774e-03 5.791e-03 5.791e-03 5.791e-03 5.781e-03
5.597e-03 5.597e-03 5.596e-03 5.596e-03 5.587e-03 5.586e-03 5.586e-03 5.575e-03 5.575e-03 5.575e-03 5.565e-03 5.565e-03 5.564e-03 5.565e-03 5.555e-03 5.572e-03 5.572e-03 5.562e-03 5.561e-03 5.562e-03
5.395e-03 5.378e-03 5.368e-03 5.368e-03 5.368e-03 5.358e-03 5.358e-03 5.376e-03 5.367e-03 5.366e-03 5.366e-03 5.356e-03 5.356e-03 5.356e-03 5.347e-03 5.347e-03 5.347e-03 5.338e-03 5.354e-03 5.354e-03
5.179e-03 5.179e-03 5.179e-03 5.179e-03 5.170e-03 5.170e-03 5.170e-03 5.162e-03 5.160e-03 5.151e-03 5.151e-03 5.151e-03 5.142e-03 5.159e-03 5.158e-03 5.150e-03 5.150e-03 5.150e-03 5.141e-03 5.141e-03
4.989e-03 4.989e-03 4.981e-03 4.981e-03 4.973e-03 4.973e-03 4.973e-03 4.965e-03 4.965e-03 4.965e-03 4.957e-03 4.973e-03 4.965e-03 4.965e-03 4.964e-03 4.956e-03 4.957e-03 4.957e-03 4.949e-03 4.949e-03
